10/21/2021
Index	Time (s)	Frequency (Hz)	Z' (Ω)	-Z'' (Ω)	Z (Ω)	-Phase (°)	OCP value (V)
1	31.4066969207057	10000	81.076869947532	32.7260342134427	87.4325577564126	21.9810748528678	0.00378334738991477
2	33.7147389148785	6240.1	83.3984377187328	43.6584446562174	94.1347927374643	27.6317136903005	
3	36.1477809087356	3893.8	84.1529164352428	63.880183371294	105.652218017925	37.2020056812685	
4	38.650826902416	2429.8	84.2183981673319	99.7990357046132	130.585550952017	49.8396537562138	
5	53.167098865766	2069.01	83.3525359894726	117.709548843737	144.233086165666	54.6969103972873	
6	53.167098865766	1609.23	85.2680700173819	151.455767876124	173.808783976632	60.6209276307221	
7	41.1488748961091	1516.2	86.3275372147135	160.801494506125	182.509080094556	61.7705255855815	
8	55.7601438592192	1291.05	87.9318565980387	189.304926028167	208.730367755408	65.0852016984248	
9	53.167098865766	1149.45	91.0061676547963	213.712346951658	232.2823492881	66.9340043104847	
10	55.7601438592192	1004.15	94.1797286306882	245.248794713762	262.710472942179	68.9923571889263	
11	43.6369198898274	946.12	97.9967581821415	260.788860626085	278.593241915271	69.4052613527656	
12	58.268191852887	805.626	106.334979854277	308.137874375457	325.969442686326	70.9610106753882	
13	55.7601438592192	717.25	114.367270011388	344.714800141882	363.191637963645	71.6455183305135	
14	53.167098865766	689.67	117.774440692416	358.455249430134	377.307546604134	71.8114899171053	
15	58.268191852887	626.598	127.147939980182	393.644170735191	413.66935080448	72.0994283548764	
16	46.169968883432	590.38	134.388723613978	416.825043242492	437.953702700068	72.1301394812822	
17	60.8512378463654	502.713	156.742425986132	486.740589251051	511.355638796013	72.1501662684371	
18	58.268191852887	447.57	176.914128737271	542.572381227056	570.686777328216	71.9406398569171	
19	55.7601438592192	430.35	186.27535770087	561.330674518908	591.431006155781	71.6417797807899	
20	60.8512378463654	390.999	208.141000003877	612.874260541639	647.253841330489	71.2417666758294	
21	48.7580138768978	368.4	224.135142240365	646.426271692962	684.180887428151	70.8770532136585	
22	63.609289839402	313.695	276.354977491014	743.262079090302	792.975782604801	69.6041792873133	
23	60.8512378463654	279.285	323.742626802492	819.764163602433	881.375386731315	68.4498627779777	
24	58.268191852887	268.542	340.869178815675	842.431625748598	908.780964329633	67.9704967442419	
25	63.609289839402	243.985	389.681248698085	913.440961125244	993.089051922489	66.8965154377668	
26	53.167098865766	229.89	422.976953688962	955.747054548192	1045.16120078653	66.1276581016408	
27	66.7423518314918	195.75	529.915088095046	1073.03493776309	1196.75142709379	63.7176749881185	
28	63.609289839402	174.275	625.812375794496	1157.9932651762	1316.27866802246	61.6119558990187	
29	60.8512378463654	167.571	659.433252422549	1187.13327392595	1357.99028879544	60.9485394756467	
30	66.7423518314918	152.25	750.446266635217	1254.39438074725	1461.7369330892	59.1098641669692	
31	55.7601438592192	143.45	812.524380691529	1297.27516243962	1530.72489896157	57.9397872650034	
32	70.0354088231776	122.148	999.551374854678	1392.56027016494	1714.1549104488	54.3299856862262	
33	66.7423518314918	108.75	1149.11235232715	1449.12838390062	1849.44106997148	51.5867110060328	
34	63.609289839402	104.565	1202.60535618709	1465.95677706907	1896.12470976057	50.63607834849	
35	70.0354088231776	95.004	1335.89058483236	1497.7056423845	2006.91949162743	48.2683772165743	
36	58.268191852887	89.514	1419.92328931433	1511.2158776233	2073.63342380421	46.783944514655	
37	73.7684768137525	76.2219	1655.8308068366	1529.88263582113	2254.39937461315	42.7359726482731	
38	70.0354088231776	67.86	1822.60408072762	1520.27493035071	2373.41978986816	39.8322429104721	
39	66.7423518314918	65.25	1877.03059922552	1511.50728016497	2409.95811756565	38.8432811840947	
40	73.7684768137525	59.2837	2016.39936792252	1485.55781438151	2504.54555375388	36.3804816430885	
41	60.8512378463654	55.857	2094.20957765693	1468.37753226822	2557.70333158874	35.036630338616	
42	77.5815478041254	47.5632	2297.68546811396	1398.8414505034	2690.00295799624	31.3332467586427	
43	73.7684768137525	42.3455	2431.26796727145	1336.5124684552	2774.40615393933	28.7984000856181	
44	70.0354088231776	40.716	2470.61109154749	1313.4013190238	2798.02469440335	27.9955540445193	
45	77.5815478041254	36.9936	2570.28455781269	1256.40406759916	2860.92885077733	26.0502658669987	
46	63.609289839402	34.855	2626.07230787075	1219.81747666385	2895.55011052134	24.9149920333874	
47	81.7696247935515	29.6793	2766.61821915288	1118.41005735617	2984.1275822163	22.0111038776151	
48	77.5815478041254	26.424	2848.27901492895	1041.71342116038	3032.79742131094	20.0892011074346	
49	73.7684768137525	25.4073	2874.41539982459	1015.88352033863	3048.65268891758	19.4645620192452	
50	81.7696247935515	23.0839	2938.63115081843	957.801371925118	3090.78250749258	18.0525777336988	
51	66.7423518314918	21.75	2966.05162701252	920.948076211238	3105.73785326141	17.2493757010855	
52	86.5177147815638	18.5202	3057.74975704108	824.954699894829	3167.07812242821	15.0984366879131	
53	118.660308700412	18	3076.05114061317	803.112192803696	3179.16338269954	14.632454472744	
54	81.7696247935515	16.4885	3104.81757869251	759.41803035143	3196.34290115765	13.7443238226395	
55	77.5815478041254	15.8544	3116.56918946301	736.085556722323	3202.31564020871	13.2888531042688	
56	86.5177147815638	14.4046	3158.34575237192	685.969267639157	3231.98108405219	12.2539011139612	
57	118.660308700412	14	3170.52811353358	665.42031287123	3239.60378927554	11.8530185731623	
58	70.0354088231776	13.572	3169.63836446722	657.507617855501	3237.11656092895	11.7191875787865	
59	124.448416685798	13.0347	3195.14055091598	628.086412949109	3256.28863619903	11.1211470114996	
60	92.090818767493	11.5569	3224.67019372894	576.241663931516	3275.75217523769	10.1316916518554	
61	86.5177147815638	10.289	3251.7918879086	525.470336755033	3293.97473534294	9.17930928889407	
62	124.448416685798	10.1381	3257.09024570804	510.879280860115	3296.91287544857	8.91429452995397	
63	118.660308700412	10	3259.35819190154	507.63467219494	3298.65257090378	8.85251396282593	
64	81.7696247935515	9.8931	3257.05063551467	510.256881595286	3296.77735486063	8.90371497471156	
65	130.801534669758	9.4392	3273.20149636545	481.590789668753	3308.4403764467	8.36995759838083	
66	92.090818767493	8.9887	3280.13482421268	469.470080613952	3313.56101824071	8.14515534983889	
67	73.7684768137525	8.4691	3283.021199171	447.426453587481	3313.36967837518	7.76074113987145	
68	130.801534669758	7.3416	3313.43370002021	387.361000860244	3335.99931496052	6.66796561775804	
69	124.448416685798	7.2415	3313.48863146462	384.12955638515	3335.68020453609	6.61272614353732	
70	98.7089407507839	7.21143	3312.21138778461	386.601394250432	3334.69712498848	6.65744115192883	
71	138.104669651319	6.8355	3320.59646861441	364.35518539309	3340.5262472397	6.2617767368043	
72	92.090818767493	6.4205	3329.0498902049	350.027579618217	3347.40085409062	6.00221868749809	
73	86.5177147815638	6.1734	3332.76542323433	339.048582614063	3349.96706068566	5.8088246826612	
74	118.660308700412	6	3335.15196725703	325.861337883339	3351.03331171529	5.58037723576747	
75	98.7089407507839	5.60889	3340.80360195913	308.543292873978	3355.02126229337	5.2766409896858	
76	138.104669651319	5.3165	3346.01529354284	288.332936977321	3358.41543397605	4.92512708641868	
77	77.5815478041254	5.2848	3341.5055535557	293.838833295945	3354.40018846832	5.0254382290489	
78	130.801534669758	5.244	3350.02999346669	285.904361081224	3362.20794431452	4.87802055167455	
79	147.33283962802	4.95	3353.12976688731	271.275298399784	3364.08524284205	4.62527639242485	
80	107.137096729505	4.5	3358.47250082695	250.672602548177	3367.81446823888	4.26857746016333	
81	124.448416685798	4.3449	3360.6141150599	240.651839780389	3369.21957407491	4.09592950762485	
82	98.7089407507839	4.00635	3363.02000028658	225.35383859296	3370.56195238956	3.83362274178073	
83	92.090818767493	3.8523	3369.53160534122	218.276490691746	3376.59412215654	3.70641183988437	
84	147.33283962802	3.85	3368.2216214539	212.949924044207	3374.94660126349	3.6176105486254	
85	138.104669651319	3.7975	3367.24830987896	209.633461903393	3373.7675332975	3.56244315744173	
86	107.137096729505	3.5	3371.7518079797	198.29853352434	3377.57791368494	3.36578654086687	
87	81.7696247935515	3.2977	3374.93390021285	189.523013569364	3380.25114503025	3.21412986828838	
88	130.801534669758	3.1464	3376.6617993308	176.000983748871	3381.24551805108	2.98371495176395	
89	147.33283962802	2.75	3379.67954704391	151.148563465458	3383.05774839044	2.56071848109511	
90	107.137096729505	2.5	3381.49044324314	141.293008914923	3384.44106642632	2.39266878973457	
91	98.7089407507839	2.40381	3381.05397601518	135.910057170076	3383.78449851169	2.30191016140226	
92	138.104669651319	2.2785	3382.18321626127	127.070029003678	3384.56941140678	2.15161426766162	
93	86.5177147815638	2.0578	3387.53171984248	117.872223306393	3389.5818346761	1.99285432886434	
94	118.660308700412	2	3385.23531679364	111.341488731185	3387.06585072978	1.88379770677399	
95	147.33283962802	1.65	3386.49910494129	90.2520626002802	3387.70152501246	1.52660266207121	
96	107.137096729505	1.5	3387.36819232328	83.2730812600563	3388.39160612023	1.408242338101	
97	124.448416685798	1.4483	3387.07148547599	79.1508883205375	3387.99617928451	1.33867461306279	
98	92.090818767493	1.2841	3391.34237575568	71.5219203019574	3392.09647484854	1.20816371308465	
99	130.801534669758	1.0488	3391.40879115102	54.6332599672939	3391.84881470136	0.922915718703828	
100	98.7089407507839	0.80127	3386.95006343745	41.6582106683674	3387.20624390294	0.704680983961845	
101	138.104669651319	0.7595	3386.24089452249	37.6668783486099	3386.45038195764	0.637303788907925	
102	147.33283962802	0.55	3388.70313031006	24.7186662860648	3388.79328343234	0.417932784406004	
103	107.137096729505	0.5	3386.76235046797	22.0306147763882	3386.83400339237	0.372699148282766	
10/21/2021
Index	Time (s)	Frequency (Hz)	Z' (Ω)	-Z'' (Ω)	Z (Ω)	-Phase (°)	OCP value (V)
1	227.523441425559	10000	80.2836584079606	31.4219804285773	86.2137266415273	21.3747290797776	0.00355424147385817
2	229.756480419921	6240.1	82.1649986611786	42.3076392383523	92.4176570949191	27.244424571449	
3	232.179525413803	3893.8	82.3647309778376	62.7211191374817	103.527231658679	37.2894378799471	
4	234.637569407597	2429.8	82.2381708987362	98.3214920525099	128.180468684591	50.0901777699952	
5	249.153839370947	2069.01	80.6317217169804	117.09522666487	142.171609876029	55.448718975758	
6	249.153839370947	1609.23	82.5773657379475	149.980475767708	171.210877118619	61.1633718570568	
7	237.085616401416	1516.2	83.9387012115884	159.527279988392	180.262748846186	62.2479356141347	
8	251.721885364463	1291.05	86.1684381146313	188.40379141646	207.17381192422	65.422518584238	
9	249.153839370947	1149.45	89.1586110955461	213.396077632319	231.272877530734	67.3244324752005	
10	251.721885364463	1004.15	92.0923247265547	244.010666396321	260.810662337102	69.3229386263852	
11	239.598660395072	946.12	94.8730203401519	259.388366963112	276.194161604211	69.909670970595	
12	254.099929358459	805.626	103.206921898998	305.1234069288	322.105514053554	71.3120727907673	
13	251.721885364463	717.25	110.674282250041	342.683710283243	360.112374190406	72.101444441284	
14	249.153839370947	689.67	112.94516263412	356.565706073897	374.026352695134	72.4239673418735	
15	254.099929358459	626.598	123.315677414258	390.65593336787	409.656947422669	72.4810140306471	
16	242.136708388664	590.38	130.070668905469	414.925279417918	434.834872577572	72.5948488607187	
17	256.60297535214	502.713	152.035724641411	484.393866242924	507.693095502595	72.5745969482799	
18	254.099929358459	447.57	172.772916388057	539.814495968224	566.789353018088	72.2522207139644	
19	251.721885364463	430.35	180.054383849025	560.337534740142	588.555633718607	72.1861259394536	
20	256.60297535214	390.999	200.655596385805	611.732523413782	643.800705624913	71.8398897923222	
21	244.694755382205	368.4	217.121117075009	644.837208661325	680.409145407401	71.3912672076933	
22	259.336028345239	313.695	267.502596283648	742.330508023645	789.057806602999	70.1831134282353	
23	256.60297535214	279.285	312.32115655681	820.563483954776	877.991421389175	69.1622790253118	
24	254.099929358459	268.542	328.282523274992	843.99924872714	905.596017515411	68.7459215159528	
25	259.336028345239	243.985	377.035363625115	915.260120782316	989.877140921227	67.6111114770813	
26	249.153839370947	229.89	410.741085733562	959.63788114477	1043.84534411838	66.8282641916289	
27	262.479087337304	195.75	514.44569547187	1081.04776922615	1197.21286868225	64.5513008339808	
28	259.336028345239	174.275	609.795606194349	1170.59714078435	1319.90467358307	62.4837779458063	
29	256.60297535214	167.571	643.385486845794	1198.52685052706	1360.29831144426	61.772492656853	
30	262.479087337304	152.25	734.076160766933	1271.54064927207	1468.22458519041	60.0016281180224	
31	251.721885364463	143.45	799.41708391708	1310.85513892855	1535.38557675715	58.6233254307318	
32	265.8471473288	122.148	983.633534399918	1420.87511427101	1728.12644802131	55.3061886532381	
33	262.479087337304	108.75	1136.53686026969	1483.46686168911	1868.79371908229	52.5429870720306	
34	259.336028345239	104.565	1192.09850633183	1499.63660121001	1915.72669879795	51.5179364686181	
35	265.8471473288	95.004	1328.89738291816	1540.19574107278	2034.24953610551	49.2120234008985	
36	254.099929358459	89.514	1418.01798178976	1551.13496945831	2101.61716070162	47.5670410613714	
37	269.585218319363	76.2219	1662.35007466054	1580.4831526922	2293.75996273973	43.5538470028885	
38	265.8471473288	67.86	1839.50628054835	1572.14971756707	2419.80125023173	40.5191378951347	
39	262.479087337304	65.25	1898.50830695621	1564.73141897716	2460.22726696458	39.4950032497488	
40	269.585218319363	59.2837	2039.99459074014	1537.12120379048	2554.27475526641	36.9977610109216	
41	256.60297535214	55.857	2123.11239019765	1515.7164992252	2608.64001491855	35.5235163254691	
42	273.393289309748	47.5632	2343.37148623589	1442.75578023388	2751.89646678462	31.6195780338937	
43	269.585218319363	42.3455	2482.85230341971	1374.9736667055	2838.15224128836	28.977155256556	
44	265.8471473288	40.716	2526.40257481139	1350.19472590579	2864.5655460955	28.1215499331702	
45	273.393289309748	36.9936	2630.14875175329	1285.07484712618	2927.30248164855	26.0398562296177	
46	259.336028345239	34.855	2681.96273649917	1242.19720699928	2955.66879420664	24.8520254720418	
47	277.716366298834	29.6793	2829.49391610976	1130.35583405184	3046.92305988799	21.7762375386856	
48	273.393289309748	26.424	2908.54393998228	1047.20534908583	3091.32122141353	19.8011352120639	
49	269.585218319363	25.4073	2934.87936693315	1021.37067711624	3107.52553626238	19.1884652832379	
50	277.716366298834	23.0839	2996.9924003841	954.879539893604	3145.43453018299	17.6725343175831	
51	262.479087337304	21.75	3023.16049901447	915.566230601353	3158.75939656996	16.8489725352554	
52	282.469454286833	18.5202	3105.58748305116	812.855113423657	3210.20358393405	14.667535206835	
53	314.752051205327	18	3125.54527700121	793.197532490512	3224.62332748084	14.239841978205	
54	277.716366298834	16.4885	3153.14295548716	741.935976837996	3239.25600894169	13.2408640516926	
55	273.393289309748	15.8544	3163.25121643338	719.751908934599	3244.10250588391	12.8185808842389	
56	282.469454286833	14.4046	3196.70443437876	666.435991325844	3265.43353497071	11.7761200934068	
57	314.752051205327	14	3213.81569288896	649.891156205542	3278.86715540193	11.43207059527	
58	265.8471473288	13.572	3213.67016653694	639.679682260592	3276.71573914897	11.2575620359723	
59	320.365156191156	13.0347	3236.14998663544	615.374220131045	3294.13906306374	10.7666086511928	
60	287.917557273078	11.5569	3257.91131453855	557.380126882917	3305.24715252011	9.70846056890946	
61	282.469454286833	10.289	3279.85557406285	504.118156610374	3318.37124242231	8.73805602244456	
62	320.365156191156	10.1381	3293.11776525732	496.668216937082	3330.36093142602	8.57671209419807	
63	314.752051205327	10	3291.96286776937	489.329248733027	3328.13200405842	8.45474529435692	
64	277.716366298834	9.8931	3289.41112331985	488.371681810133	3325.46725105126	8.44489039231088	
65	326.798276174914	9.4392	3306.82778726076	465.605723470555	3339.44586785419	8.0146352056563	
66	287.917557273078	8.9887	3306.51365736431	448.739824836875	3336.82483758608	7.72861463213029	
67	269.585218319363	8.4691	3313.92396029842	428.965518454274	3341.571999922	7.37554793963421	
68	326.798276174914	7.3416	3343.07745748274	372.967822672327	3363.8180514823	6.36583498941983	
69	320.365156191156	7.2415	3343.49916291392	369.032331702606	3363.80313250463	6.29841851220517	
70	294.515677256419	7.21143	3339.01678176932	368.863222409908	3359.32927022401	6.30393875776035	
71	334.191412156248	6.8355	3349.44564532214	348.231179778716	3367.49923319034	5.93553480722979	
72	287.917557273078	6.4205	3351.34983428202	332.423706146436	3367.79619813169	5.66469552186321	
73	282.469454286833	6.1734	3350.33436818357	319.630035798283	3365.5465735028	5.44966286724393	
74	314.752051205327	6	3357.72118468541	308.32693291478	3371.84772070831	5.24654299310235	
75	294.515677256419	5.60889	3363.50267148713	290.821641900035	3376.05205062045	4.94172762155945	
76	334.191412156248	5.3165	3370.51480208098	272.8922034218	3381.54405349618	4.62883005034507	
77	273.393289309748	5.2848	3362.93391984574	276.19519834567	3374.25670879355	4.6951210720863	
78	326.798276174914	5.244	3373.06676817046	271.101627453591	3383.94378129186	4.59512452332572	
79	343.029576133934	4.95	3375.37633219778	254.145752233641	3384.93064143703	4.3059065106816	
80	303.213841234459	4.5	3380.05338619783	235.174098164228	3388.22486709409	3.98005638158946	
81	320.365156191156	4.3449	3381.33238209725	225.960566417829	3388.87398051261	3.8231575442323	
82	294.515677256419	4.00635	3382.99726606874	209.447263779822	3389.47468769622	3.5427597615515	
83	287.917557273078	3.8523	3380.02290775329	200.764629068537	3385.98010821417	3.39922749254237	
84	343.029576133934	3.85	3385.88772041804	197.160117752995	3391.62317590119	3.33256792777834	
85	334.191412156248	3.7975	3386.64151112805	196.862674020468	3392.35841816843	3.32681261211865	
86	303.213841234459	3.5	3391.34622171252	180.956828760975	3396.17057424963	3.05431499921344	
87	277.716366298834	3.2977	3386.51071982495	173.997178818483	3390.97771648917	2.94124135196179	
88	326.798276174914	3.1464	3393.67437529526	161.758379156755	3397.52726828838	2.7289192121296	
89	343.029576133934	2.75	3393.3528445553	138.503648130048	3396.17826213479	2.3372965946049	
90	303.213841234459	2.5	3397.35591882651	129.155354461219	3399.8100453954	2.17713274726314	
91	294.515677256419	2.40381	3396.38254133822	122.891312977939	3398.6051023784	2.0722292369675	
92	334.191412156248	2.2785	3397.69955174715	115.616416645596	3399.66607179892	1.94890031630905	
93	282.469454286833	2.0578	3392.80077991202	104.287729755773	3394.40319684465	1.7606002758873	
94	314.752051205327	2	3395.55116657161	102.640643643004	3397.1021218876	1.73140830500982	
95	343.029576133934	1.65	3398.60843351968	80.3050316907539	3399.55705680989	1.35357851997983	
96	303.213841234459	1.5	3398.48641816688	72.139232757981	3399.25197703373	1.21602750266143	
97	320.365156191156	1.4483	3400.24676833756	70.6938598341586	3400.98157998662	1.19105365562488	
98	287.917557273078	1.2841	3395.9909487856	61.4641431451817	3396.54712393723	1.03688484129855	
99	326.798276174914	1.0488	3399.99721634426	46.8970757777577	3400.32063294996	0.790245978853605	
100	294.515677256419	0.80127	3395.93383536566	33.2227217730101	3396.09634189363	0.56051180893246	
101	334.191412156248	0.7595	3394.63975016623	28.9934481632251	3394.76356370293	0.489348485733748	
102	343.029576133934	0.55	3393.71670656252	20.684174071961	3393.77973938477	0.349204516842518	
103	303.213841234459	0.5	3393.65922773834	19.8736663422697	3393.71741849958	0.335526967228757	
10/21/2021
Index	Time (s)	Frequency (Hz)	Z' (Ω)	-Z'' (Ω)	Z (Ω)	-Phase (°)	OCP value (V)
1	422.573197933105	10000	79.7435341210315	31.2129386072437	85.6345652795159	21.3761968683444	0.0031768798828125
2	424.816234927442	6240.1	82.0072871988075	41.3966717503054	91.8633745608674	26.7843064007129	
3	427.364281921009	3893.8	82.2059410703589	61.6690364878683	102.766175411005	36.8764010442009	
4	429.837328914765	2429.8	81.4547428290835	96.9564321892256	126.631058086932	49.9658120285298	
5	444.408601877976	2069.01	80.5305085674513	114.475619396967	139.963674739025	54.8746480420057	
6	444.408601877976	1609.23	83.2357106082802	148.348884909033	170.104600685046	60.7040538515398	
7	432.335376908458	1516.2	82.8391149547296	157.683990392052	178.119509859094	62.2848571480582	
8	447.07664887124	1291.05	84.2312159902208	186.551631869791	204.686123370573	65.7000192829068	
9	444.408601877976	1149.45	87.5027317166917	210.377490850846	227.849548418647	67.4160106078406	
10	447.07664887124	1004.15	91.0540577125118	242.367334358765	258.90686779243	69.4094944822626	
11	434.783421902277	946.12	93.1315893416626	257.247134224244	273.586514652843	70.0981436871821	
12	449.619696864819	805.626	99.6160392580965	302.297779268032	318.288081190381	71.7614231880415	
13	447.07664887124	717.25	108.103728889937	340.114043485607	356.880902789766	72.3673739553289	
14	444.408601877976	689.67	110.794677165379	353.486144798676	370.442863411905	72.5972202475435	
15	449.619696864819	626.598	119.674912841066	388.327186584665	406.349712199084	72.8717160832644	
16	437.286465895958	590.38	126.550502838529	412.096100000316	431.089579326798	72.9288126783486	
17	452.112742858525	502.713	146.460110899629	481.023891509368	502.8265588526	73.0657789502878	
18	449.619696864819	447.57	166.574383868036	536.018777113283	561.304867945251	72.736729456181	
19	447.07664887124	430.35	174.84329914546	556.733306193534	583.542760627919	72.5649909383388	
20	452.112742858525	390.999	195.665263663493	607.892147505555	638.606105830049	72.1579326585216	
21	439.954515889222	368.4	210.805789766892	642.626997063429	676.319849149797	71.8385667488095	
22	454.730790851915	313.695	259.479275485379	740.895487441522	785.019501488739	70.6985282267004	
23	452.112742858525	279.285	303.720651295309	818.777829627526	873.294548427281	69.6479710425529	
24	449.619696864819	268.542	318.535976063445	843.967837984494	902.0791980746	69.3221555320127	
25	454.730790851915	243.985	367.093619145548	915.505258842652	986.36078804154	68.1505080357127	
26	444.408601877976	229.89	399.389274815309	959.589877783388	1039.38661064199	67.40251602983	
27	457.878846843967	195.75	502.54963684689	1083.88474216368	1194.72267568259	65.1249212508552	
28	454.730790851915	174.275	594.783109635851	1174.83205157636	1316.81331133886	63.1482401417251	
29	452.112742858525	167.571	628.381251335655	1204.52788819975	1358.58397991479	62.4497340014883	
30	457.878846843967	152.25	718.775573680067	1278.56538955236	1466.75416504617	60.6564593692357	
31	447.07664887124	143.45	782.24459177606	1322.45090270479	1536.48397044278	59.3952076226726	
32	461.131907835754	122.148	967.622456614502	1434.74092441148	1730.54174717797	56.0033628605849	
33	457.878846843967	108.75	1120.75648358945	1502.66690990669	1874.5940727625	53.2827702925128	
34	454.730790851915	104.565	1176.22532656216	1523.43370777955	1924.67043434589	52.328689942013	
35	461.131907835754	95.004	1316.18859684328	1564.09517889487	2044.19816825631	49.9193351304822	
36	449.619696864819	89.514	1407.85366091563	1581.0466825014	2117.01689714613	48.3163183958422	
37	464.819974826442	76.2219	1655.78667450337	1611.59893870069	2310.60179405369	44.2251859025392	
38	461.131907835754	67.86	1839.95957434593	1609.35318887953	2444.47722873091	41.1751396650835	
39	457.878846843967	65.25	1900.64856605218	1602.47042229371	2486.03628814271	40.1348302361598	
40	464.819974826442	59.2837	2047.29323305504	1577.21183629877	2584.3774412175	37.6102544919713	
41	452.112742858525	55.857	2136.60528327147	1555.79555275224	2643.02514904175	36.0606979815197	
42	468.693048816664	47.5632	2360.4589993759	1479.76288081515	2785.94057208208	32.0834446523653	
43	464.819974826442	42.3455	2505.7748563536	1410.0865286547	2875.28288156615	29.3679688492881	
44	461.131907835754	40.716	2555.43150550235	1385.03097704012	2906.63740199474	28.4574691820425	
45	468.693048816664	36.9936	2659.03660423594	1318.43470869151	2967.95312357677	26.3736731899131	
46	454.730790851915	34.855	2722.84115491707	1273.22437734355	3005.8217295728	25.0612024707119	
47	472.76612480638	29.6793	2864.06228739851	1155.06025459522	3088.20611000043	21.9639439566022	
48	468.693048816664	26.424	2948.68733348117	1068.06372782352	3136.16280147007	19.9112315433776	
49	464.819974826442	25.4073	2977.94998694083	1037.9805230483	3153.66290065196	19.216275855205	
50	472.76612480638	23.0839	3038.09071372326	970.023183764239	3189.19114539277	17.7076121034436	
51	457.878846843967	21.75	3070.43261549066	926.663885654837	3207.22035464446	16.7939394116616	
52	477.389207794708	18.5202	3145.33408401264	819.697775794538	3250.38935263057	14.6068166872867	
53	509.271800714212	18	3156.15675191985	799.272133561281	3255.78890381069	14.2109476341577	
54	472.76612480638	16.4885	3192.59422475599	748.242574271253	3279.10427310529	13.1902416002989	
55	468.693048816664	15.8544	3205.49011024957	724.418940154202	3286.32768417301	12.7345356010114	
56	477.389207794708	14.4046	3234.75207289692	667.892461462337	3302.98369859573	11.666155064763	
57	509.271800714212	14	3242.89744510477	649.803500199424	3307.35973675959	11.3307251277597	
58	461.131907835754	13.572	3254.27739784793	636.335288786789	3315.90771613133	11.063908638636	
59	514.749899700381	13.0347	3255.84163281713	609.756256471249	3312.44734755002	10.6075158228853	
60	482.802308781041	11.5569	3278.97000221888	546.898726750492	3324.26570730629	9.46918600487014	
61	477.389207794708	10.289	3315.29996250949	501.552677056454	3353.02384859964	8.60271510273388	
62	514.749899700381	10.1381	3310.44523140492	489.232998377584	3346.40053741824	8.40658847210955	
63	509.271800714212	10	3318.39013424296	486.027466522181	3353.79423657072	8.33257072325666	
64	472.76612480638	9.8931	3324.49230363123	484.995957302429	3359.68304390504	8.30008404405317	
65	521.06801968443	9.4392	3307.28407553094	455.594633644079	3338.51680038694	7.84341050582715	
66	482.802308781041	8.9887	3324.3867869271	438.423067519223	3353.1719751943	7.51286224521906	
67	464.819974826442	8.4691	3347.64708919262	422.106734574876	3374.15398717268	7.18653190130616	
68	521.06801968443	7.3416	3340.73809043493	363.16073050872	3360.41912639873	6.2040754888704	
69	514.749899700381	7.2415	3356.05676333416	360.540870558467	3375.36764191162	6.13176323504	
70	489.340432764534	7.21143	3356.49148047665	358.659155900738	3375.5994206398	6.09921849877549	
71	528.306152666155	6.8355	3335.70753074082	333.801558685983	3352.36755312156	5.7145182913274	
72	482.802308781041	6.4205	3362.57335709263	319.695863981252	3377.73667228159	5.43105774216823	
73	477.389207794708	6.1734	3378.79401887957	314.851643565606	3393.43197655005	5.3237118177285	
74	509.271800714212	6	3379.26408536351	301.098415773172	3392.65176736558	5.09170927967563	
75	489.340432764534	5.60889	3378.82009483909	279.946078003144	3390.3974752052	4.73632106741546	
76	528.306152666155	5.3165	3354.70341554244	260.421951578348	3364.79636815008	4.43890624049979	
77	468.693048816664	5.2848	3392.19613191954	269.947046309608	3402.92021728708	4.54994344188254	
78	521.06801968443	5.244	3367.18690815075	262.120970545093	3377.37399137574	4.45125221736224	
79	537.244316643588	4.95	3351.55387600352	240.981820696614	3360.2061873731	4.11257632092021	
80	497.77858674323	4.5	3392.99066463673	227.82957279736	3400.6311126838	3.84148046255602	
81	514.749899700381	4.3449	3390.34894195748	217.296610980453	3397.30536828466	3.66722508464298	
82	489.340432764534	4.00635	3394.49338953168	199.653341732914	3400.3598086731	3.36607815745618	
83	482.802308781041	3.8523	3391.16339650851	194.256116646357	3396.72262934047	3.27849306784089	
84	537.244316643588	3.85	3360.99305619577	186.671447847252	3366.17298326119	3.17897377363723	
85	528.306152666155	3.7975	3367.99576899997	186.707570370818	3373.1669417382	3.17299021649594	
86	497.77858674323	3.5	3401.85323166609	174.587546635399	3406.33031593196	2.9379166044594	
87	472.76612480638	3.2977	3412.62790181494	167.135081735378	3416.71821076783	2.80384783707916	
88	521.06801968443	3.1464	3384.85716459176	155.213477800579	3388.41397240348	2.6254732331296	
89	537.244316643588	2.75	3367.31421647235	131.463538299506	3369.87947772009	2.23575288513425	
90	497.77858674323	2.5	3408.48826545756	120.838684733945	3410.62959634876	2.03041572418791	
91	489.340432764534	2.40381	3402.64004799609	116.178228748701	3404.62283917941	1.95552194976515	
92	528.306152666155	2.2785	3375.61922085229	107.584147062891	3377.33318949829	1.82545226699224	
93	477.389207794708	2.0578	3414.41565894482	98.9673595193017	3415.84964983792	1.66026207644246	
94	509.271800714212	2	3410.02497726271	94.6262438276465	3411.33763670155	1.58951722053729	
95	537.244316643588	1.65	3369.76446557689	73.549288839392	3370.56702223135	1.25035292495858	
96	497.77858674323	1.5	3407.42969448503	67.7837100787049	3408.10383559691	1.13962977315584	
97	514.749899700381	1.4483	3403.84300673697	64.7009071317097	3404.45787488932	1.08895813571544	
98	482.802308781041	1.2841	3399.15496141174	58.0789779162745	3399.6511025936	0.978877567533347	
99	521.06801968443	1.0488	3387.20654423967	45.0114255618695	3387.50560173281	0.761339142410552	
100	489.340432764534	0.80127	3399.80037329711	28.2693314486731	3399.91790097522	0.47640328161091	
101	528.306152666155	0.7595	3370.35870259231	28.2008401345771	3370.47668313015	0.479400430174369	
102	537.244316643588	0.55	3364.18680155861	13.5120221107467	3364.2139364973	0.23012327268958	
103	497.77858674323	0.5	3399.05936276851	14.034124099628	3399.08833487209	0.236562950247219	
