10/21/2021
Index	Time (s)	Frequency (Hz)	Z' (Ω)	-Z'' (Ω)	Z (Ω)	-Phase (°)	OCP value (V)
1	45.0409508862825	10000	73.4495217325728	17.7806792027797	75.5710579233601	13.6083785487784	2.47955322265677E-05
2	47.2889918806068	6240.1	79.9901569504729	20.8588158971472	82.6650797470877	14.6153869159773	
3	49.8020368742619	3893.8	88.0810549551745	23.1059470109084	91.0612817243826	14.6989743902296	
4	52.3650838677909	2429.8	96.7643419699797	23.3673281163202	99.54581809488	13.5762632819034	
5	67.1713598304086	2069.01	98.5823113263079	23.0601418473505	101.243480029368	13.1657680392039	
6	67.1713598304086	1609.23	103.537132781466	22.4448697502308	105.942012642349	12.231372510837	
7	54.9381338612945	1516.2	105.105522357642	21.9209255397699	107.367116970667	11.7807967228965	
8	69.9444098234073	1291.05	107.082565335974	21.8946530852106	109.297994641507	11.5557145422994	
9	67.1713598304086	1149.45	109.340917365818	20.7526867416833	111.292902816833	10.7467958317874	
10	69.9444098234073	1004.15	109.935360368083	20.2222171035165	111.779790319368	10.4228396917849	
11	57.4211788550255	946.12	112.288813706348	19.3218335489316	113.939066764966	9.76342405627464	
12	72.9374658158506	805.626	113.809064650598	18.1931389701607	115.25403898446	9.08226995420484	
13	69.9444098234073	717.25	115.058985047686	18.1519690321902	116.482033034924	8.96522243952725	
14	67.1713598304086	689.67	115.060943424534	17.4819504316992	116.38143878059	8.63924321323269	
15	72.9374658158506	626.598	115.877093735296	17.0826169582451	117.129486700321	8.38614854507122	
16	59.9442248486554	590.38	118.15133935135	16.6866926019516	119.323864756845	8.03880284415201	
17	76.1505238077384	502.713	119.455134030221	15.6796558131543	120.479793544797	7.4778817352567	
18	72.9374658158506	447.57	119.969307809416	14.2844338054182	120.816720140102	6.79009221421671	
19	69.9444098234073	430.35	120.938995074718	14.1926728376433	121.768930733414	6.69327351024062	
20	76.1505238077384	390.999	120.905702435067	13.1846899984545	121.62246886029	6.22347671116652	
21	62.5872748419823	368.4	122.182248175948	13.1685025133876	122.889833703907	6.15145325323225	
22	79.7235937987173	313.695	122.712135698779	11.8869072126436	123.286523232823	5.53287792499441	
23	76.1505238077384	279.285	123.56235596134	11.7001121098931	124.115061270182	5.40920576931044	
24	72.9374658158506	268.542	121.754058140658	13.355347864733	122.484349981158	6.2598160837084	
25	79.7235937987173	243.985	124.089761904139	11.1879743354172	124.593096835884	5.15187705634569	
26	67.1713598304086	229.89	123.66900888125	10.8690044037572	124.145716858858	5.02269768253233	
27	83.8016687884211	195.75	124.948785221187	9.62243939119762	125.318754654232	4.40371718079944	
28	79.7235937987173	174.275	126.073569290417	9.2552881797456	126.412836503718	4.1986547611209	
29	76.1505238077384	167.571	127.011863319293	8.13519900908781	127.272129261501	3.66482872691687	
30	83.8016687884211	152.25	125.78710865311	7.96802532103053	126.039224572456	3.62457694145108	
31	69.9444098234073	143.45	126.908612269608	9.57438223373922	127.269260480901	4.3143996404471	
32	88.3047487770519	122.148	127.142505361399	7.19083716665938	127.345690185145	3.23704620941446	
33	83.8016687884211	108.75	127.181648228064	8.30340156241886	127.452415134096	3.73541022525824	
34	79.7235937987173	104.565	127.675899840383	7.8501651080372	127.917006266856	3.51840734912379	
35	88.3047487770519	95.004	128.458766120807	6.03101397099951	128.600263307656	2.68800723229046	
36	72.9374658158506	89.514	128.706097706554	5.64488233911466	128.829826839407	2.51130908487033	
37	92.1578197673239	76.2219	128.744593237388	5.74053925378311	128.87251095088	2.5530466979647	
38	88.3047487770519	67.86	129.554497311223	5.41693267751125	129.667694254184	2.39425655104852	
39	83.8016687884211	65.25	129.126558584799	4.7324757855186	129.213251870751	2.09894529211509	
40	92.1578197673239	59.2837	133.513554793477	5.7459025521951	133.637138212886	2.46426622529352	
41	76.1505238077384	55.857	127.946987794759	6.99506675363286	128.138060874355	3.12933667128064	
42	96.4409017565101	47.5632	129.653498628914	5.25370968508404	129.759898166471	2.32042177717873	
43	92.1578197673239	42.3455	130.384299155088	4.41778991153812	130.459121313406	1.94060113234733	
44	88.3047487770519	40.716	130.412191716728	5.23156125518718	130.51708310228	2.297221918852	
45	96.4409017565101	36.9936	128.786485290083	4.10357175255467	128.851845522294	1.82501930003765	
46	79.7235937987173	34.855	131.126516424826	4.37707258511221	131.199550586599	1.91185358407613	
47	100.718978745709	29.6793	131.086877969285	3.82457215783462	131.142658688638	1.67117945722106	
48	96.4409017565101	26.424	131.278873978371	5.29912867846233	131.385781261824	2.31151409604126	
49	92.1578197673239	25.4073	132.223553147653	4.13482861046625	132.288188492504	1.79114116452291	
50	100.718978745709	23.0839	132.202511473341	3.21734641819995	132.241655153865	1.39410355423621	
51	83.8016687884211	21.75	131.873284012535	3.72150760164753	131.925784648339	1.61647678659363	
52	105.667073733216	18.5202	131.571919638338	3.04608736679007	131.607175661373	1.32624635095859	
53	138.929686649236	18	133.095470311927	3.17687192702993	133.133379483861	1.36734027748752	
54	100.718978745709	16.4885	131.453163316013	2.4194525900239	131.475426968775	1.054434662157	
55	96.4409017565101	15.8544	132.769499988625	3.84157425576694	132.82506472798	1.6573429831098	
56	105.667073733216	14.4046	132.11993269413	3.03410567261196	132.154766892208	1.31555394796985	
57	138.929686649236	14	132.650570609688	4.18715645776598	132.716638603747	1.8079587691988	
58	88.3047487770519	13.572	132.319013088772	3.67462684215533	132.370027223748	1.5907502982549	
59	144.982801633954	13.0347	132.094075605042	3.2487715539964	132.134020322401	1.40887000593347	
60	111.46018071859	11.5569	133.068917931914	2.73994364248875	133.097123224863	1.17957693806885	
61	105.667073733216	10.289	132.942730823937	1.77479312086523	132.95457709138	0.764856523247942	
62	144.982801633954	10.1381	132.837966658382	2.52730908210989	132.862006145963	1.08994950609719	
63	138.929686649236	10	133.079751712472	3.8238797150697	133.134677570978	1.64586948692928	
64	100.718978745709	9.8931	132.861382353364	2.28913717108653	132.881101251588	0.987080822685128	
65	151.565922617333	9.4392	134.628929616322	2.61401332061848	134.654304629584	1.1123397795429	
66	111.46018071859	8.9887	133.040019024757	2.23654884901663	133.058817118077	0.963114263751125	
67	92.1578197673239	8.4691	133.455601814105	2.96299614826392	133.488490147052	1.27187832726508	
68	151.565922617333	7.3416	132.424975763645	3.80701068123238	132.479687259327	1.6467103845518	
69	144.982801633954	7.2415	133.05659799998	2.03105083208078	133.072098648856	0.87452712064168	
70	118.288303701351	7.21143	133.626009715436	1.93240915982093	133.639981583472	0.82851513820827	
71	159.209064598036	6.8355	133.337356900137	0.937344961546151	133.340651568422	0.402775537322762	
72	111.46018071859	6.4205	133.780133771429	1.69045584891517	133.790813708859	0.723955256645254	
73	105.667073733216	6.1734	132.982233372795	1.6694850774158	132.992712481701	0.719264684070632	
74	138.929686649236	6	133.002771482303	2.18595230487454	133.020733757761	0.941593656268589	
75	118.288303701351	5.60889	133.54929854665	1.83618374160013	133.561920894524	0.787716232265761	
76	159.209064598036	5.3165	134.637477888416	0.75563893935004	134.639598344471	0.321563268756161	
77	96.4409017565101	5.2848	133.223964159106	2.16261966932959	133.241515865367	0.929998581959997	
78	151.565922617333	5.244	133.421581224901	-2.11859944862386	133.438400770455	-0.909722438215048	
79	168.457235574686	4.95	134.233603066714	2.13370187398014	134.25056005827	0.910664800854045	
80	127.241472678746	4.5	134.235526164163	2.93201021145954	134.267543242773	1.25127160876778	
81	144.982801633954	4.3449	133.835422821677	2.06178119150213	133.851303107361	0.882591575744156	
82	118.288303701351	4.00635	133.678941209661	1.95091862152912	133.693176364404	0.836118743541129	
83	111.46018071859	3.8523	133.493291464116	1.48991100110024	133.501605610999	0.639448372067943	
84	168.457235574686	3.85	135.148150972084	1.73034044812034	135.159227540111	0.733534180124902	
85	159.209064598036	3.7975	133.679874520935	2.7584204809656	133.708330837995	1.18210334105163	
86	127.241472678746	3.5	133.526948747378	0.328147005438195	133.527351962967	0.140806038014942	
87	100.718978745709	3.2977	134.17870363288	1.65777607580172	134.188944142645	0.70785256861077	
88	151.565922617333	3.1464	137.613690433467	4.11710526037026	137.675264119751	1.71365517117063	
89	168.457235574686	2.75	133.782485457947	1.00923883918293	133.786292191466	0.432224210072868	
90	127.241472678746	2.5	136.101429441563	-0.504860117705976	136.102365812557	-0.212534294707866	
91	118.288303701351	2.40381	134.522711128479	0.861437800598535	134.525469277905	0.366897717378727	
92	159.209064598036	2.2785	135.009833045022	2.0451502637745	135.02532228603	0.867859135316978	
93	105.667073733216	2.0578	135.076448304884	1.69654307191159	135.087102067728	0.719589892409415	
94	138.929686649236	2	134.748812940429	0.605260468282106	134.750172278514	0.257357644627669	
95	168.457235574686	1.65	135.910597028955	1.44943153301043	135.918325609669	0.61101314525663	
96	127.241472678746	1.5	132.839567202413	-1.20911761306073	132.845069836733	-0.52149690452709	
97	144.982801633954	1.4483	134.058443667844	1.99241035279066	134.073248702559	0.851481615313891	
98	111.46018071859	1.2841	133.689126709268	1.17367661798169	133.694278550319	0.502995200981789	
99	151.565922617333	1.0488	138.608045293398	1.70791445741485	138.618567269506	0.705957132155874	
100	118.288303701351	0.80127	134.623934021327	0.392758184998614	134.624506945692	0.167156922635816	
101	159.209064598036	0.7595	134.819926427095	0.878776349868346	134.822790394207	0.373457131095076	
102	168.457235574686	0.55	135.933926792361	1.36084312555243	135.940738364933	0.573572506122711	
103	127.241472678746	0.5	137.191762942632	-0.368912966727008	137.192258951023	-0.154069782333429	
10/21/2021
Index	Time (s)	Frequency (Hz)	Z' (Ω)	-Z'' (Ω)	Z (Ω)	-Phase (°)	OCP value (V)
1	246.195782378415	10000	74.1408047236966	17.9324840251417	76.2786530320854	13.5970327248283	3.59168419471116E-05
2	248.51882337255	6240.1	80.4999701165473	21.0994803891249	83.2191880605434	14.6871527485687	
3	250.94686936642	3893.8	88.7275309153628	23.2957272964764	91.7347570586441	14.7111737017313	
4	253.544917359861	2429.8	97.7420612912881	23.3517371724094	100.49285633536	13.4367681764965	
5	268.281192322655	2069.01	100.01481273739	23.7442456073473	102.794707871355	13.3551900497571	
6	268.281192322655	1609.23	103.726370957178	22.6595798575359	106.172579281405	12.3229746056252	
7	255.967961353743	1516.2	105.872990272077	21.9018306465072	108.114662533902	11.6878507102322	
8	270.934241315957	1291.05	107.970899626342	21.8961104217829	110.168756086853	11.4639091786927	
9	268.281192322655	1149.45	109.654429427947	21.5887249601108	111.75941543589	11.1379227870325	
10	270.934241315957	1004.15	111.921104339366	20.2426155057355	113.736964435738	10.2519744071019	
11	258.531009347272	946.12	112.815006726585	19.0618091622462	114.414065181066	9.59041065216902	
12	274.002296308211	805.626	114.552188533623	19.2034998090982	116.150670694408	9.51656013471817	
13	270.934241315957	717.25	115.615784757951	18.4891814242481	117.084838962761	9.08576177103642	
14	268.281192322655	689.67	117.421884275139	17.502992879798	118.719221975527	8.47812690562035	
15	274.002296308211	626.598	117.487764946059	17.6577174859557	118.807280495911	8.54724459531796	
16	261.074055340851	590.38	118.68193312425	16.1348221284502	119.773677138283	7.74190407742264	
17	277.235356300048	502.713	120.154415958266	14.7991152614821	121.062370234498	7.02161215518791	
18	274.002296308211	447.57	121.923127877715	15.3979366970629	122.891600876595	7.197901732651	
19	270.934241315957	430.35	121.187949343381	14.0244828338488	121.996742517212	6.60119372236278	
20	277.235356300048	390.999	122.518511033228	13.9987647147959	123.315655775492	6.51825493369972	
21	263.73210633414	368.4	122.903208654974	13.0922385380611	123.598565556505	6.08049056958656	
22	280.823424290989	313.695	124.034194794288	12.1729795878472	124.630104350087	5.60517947709875	
23	277.235356300048	279.285	124.637062206912	11.5658001372084	125.172540952014	5.30162687837666	
24	274.002296308211	268.542	126.248732800787	9.64548503214396	126.616657337452	4.36894728943037	
25	280.823424290989	243.985	124.922380027175	11.0956179744772	125.414168935928	5.07569727852355	
26	268.281192322655	229.89	126.077163855133	10.0106896479486	126.473970258633	4.53983432167127	
27	284.966497280529	195.75	125.929252528773	9.40784544679294	126.280181336606	4.27248127358232	
28	280.823424290989	174.275	127.281429835425	9.71549629876011	127.651687216744	4.36496979357028	
29	277.235356300048	167.571	128.339082481492	8.47808610305673	128.618809029481	3.77947061501339	
30	284.966497280529	152.25	127.236725385703	8.54868350234632	127.523583216988	3.84376807947265	
31	270.934241315957	143.45	129.016774545978	8.04436539699593	129.267319647651	3.56784835379489	
32	289.429583269261	122.148	128.334718387363	8.43795437404878	128.611815233214	3.76175921019535	
33	284.966497280529	108.75	128.658617372846	6.99667565290499	128.84872251786	3.11277635279967	
34	280.823424290989	104.565	128.617642993559	8.19271702700553	128.878309662655	3.64471599348139	
35	289.429583269261	95.004	129.002910344854	7.3803823982981	129.213857313322	3.27437812419502	
36	274.002296308211	89.514	130.539146653049	5.78176722452035	130.667125326704	2.53605528802001	
37	293.322653259431	76.2219	128.992577854474	6.19420155640067	129.141214468751	2.74922169671734	
38	289.429583269261	67.86	131.138396723589	6.48585108892274	131.298687577527	2.83143112312648	
39	284.966497280529	65.25	130.152878200821	5.63649222357432	130.274869980915	2.47974193378243	
40	293.322653259431	59.2837	134.690029862984	8.14589806279837	134.936132298733	3.46096722509203	
41	277.235356300048	55.857	130.087553859682	2.29893002962555	130.107865820929	1.01243566009584	
42	297.465729248971	47.5632	130.986655818033	3.82624021990514	131.042527893093	1.67318642184824	
43	293.322653259431	42.3455	130.663960854661	4.79394852276834	130.751874207092	2.10119048937133	
44	289.429583269261	40.716	130.35466540465	4.55403029147546	130.434190244177	2.00085388914277	
45	297.465729248971	36.9936	132.347320893547	3.74053108986049	132.400169639369	1.6189191087201	
46	280.823424290989	34.855	132.653586075358	4.53005605452849	132.730913153303	1.95586320022775	
47	301.868814237855	29.6793	132.969755558641	3.83842563226566	133.025145760714	1.65349278433929	
48	297.465729248971	26.424	131.685294923418	4.54797772910467	131.763807627482	1.97802190573361	
49	293.322653259431	25.4073	132.398213911904	4.49969898962951	132.474655455523	1.94651090282861	
50	301.868814237855	23.0839	132.314754185272	3.82266294834503	132.369962329547	1.6548535954206	
51	284.966497280529	21.75	132.955940660348	4.036213598879	133.017191284036	1.73882416732167	
52	307.016906224857	18.5202	132.308551902669	2.61301163161305	132.33435206464	1.13140893712394	
53	340.3495251407	18	132.809396776409	2.49543992716534	132.832838908696	1.07644004659305	
54	301.868814237855	16.4885	132.572125774682	2.78741385107758	132.601426117502	1.2045029860511	
55	297.465729248971	15.8544	132.968234903579	3.7885828644995	133.022196845092	1.63205217361474	
56	307.016906224857	14.4046	133.129268746669	2.63698538525594	133.155382500839	1.13474955370032	
57	340.3495251407	14	132.671318058376	1.36940312252703	132.67838520369	0.591372983350643	
58	289.429583269261	13.572	131.969434668153	3.72572322373691	132.022015967686	1.61712846992924	
59	346.362635125518	13.0347	133.513812855104	3.38686405580666	133.556763479954	1.45311862678628	
60	312.740012210407	11.5569	134.313527122383	2.63495706772115	134.339370873932	1.12388200195007	
61	307.016906224857	10.289	134.073997944218	2.5771878634322	134.098765177125	1.10121132601801	
62	346.362635125518	10.1381	133.928937024249	1.73053140703018	133.940116885854	0.740292804342448	
63	340.3495251407	10	132.796448186287	2.84116764923301	132.826837967725	1.22565088219027	
64	301.868814237855	9.8931	133.936818188315	1.94601498839489	133.950954609308	0.832411896568492	
65	353.275764108064	9.4392	133.704895178906	2.90287353674837	133.736403681169	1.24375608066592	
66	312.740012210407	8.9887	132.751885087189	2.14190507505943	132.769163406089	0.924367086849884	
67	293.322653259431	8.4691	134.332558382491	2.81077116494601	134.36196141813	1.19868057657515	
68	353.275764108064	7.3416	134.000378366042	0.848245955329164	134.003063112166	0.3626875138204	
69	346.362635125518	7.2415	134.349825791512	2.01706470675187	134.364966565845	0.860147096269649	
70	319.718146192789	7.21143	133.526264817474	2.02493129880898	133.541618018021	0.868826253590546	
71	361.1039070883	6.8355	133.946524508836	1.69215045197074	133.957212576062	0.72378079503314	
72	312.740012210407	6.4205	134.521857340265	2.25793674684782	134.540805633931	0.961613980958009	
73	307.016906224857	6.1734	134.499978902351	1.9420402812739	134.513998695998	0.827234181952416	
74	340.3495251407	6	133.09016785452	3.13801044269241	133.127156842933	1.35067414015008	
75	319.718146192789	5.60889	134.630733914641	1.28845758036598	134.636899241371	0.548321513020938	
76	361.1039070883	5.3165	133.702625896592	2.05433298006863	133.718407317904	0.880277013045744	
77	297.465729248971	5.2848	134.330160524849	3.27010204082299	134.36995792955	1.39451963958074	
78	353.275764108064	5.244	134.238946582454	2.22544618266316	134.257392311481	0.949776481066711	
79	370.177075065393	4.95	134.382774681631	1.93003226464647	134.396633721521	0.822836862019621	
80	328.501306170614	4.5	132.756347218221	1.9923511396189	132.771296558361	0.859806291809931	
81	346.362635125518	4.3449	134.456937475119	1.77460833237149	134.468647906943	0.756165254930111	
82	319.718146192789	4.00635	134.619082098073	1.63577902334541	134.629020043752	0.696176355010339	
83	312.740012210407	3.8523	134.31350805451	1.88258411382187	134.326700878324	0.803024677937256	
84	370.177075065393	3.85	135.543427125573	0.848785824194242	135.546084688274	0.358786927575523	
85	361.1039070883	3.7975	133.891583730587	1.82138171528942	133.90397165595	0.779369739042739	
86	328.501306170614	3.5	132.918887878072	2.16860679313899	132.936577397519	0.934712858508628	
87	301.868814237855	3.2977	134.841081697714	2.13265692982974	134.85794577625	0.906118910441788	
88	353.275764108064	3.1464	135.93408963553	2.11579062287041	135.950554596147	0.891726903992835	
89	370.177075065393	2.75	135.207617222069	1.49922553033554	135.215928913943	0.63528798884618	
90	328.501306170614	2.5	135.66406593432	1.1835298260831	135.669228377996	0.499834228419711	
91	319.718146192789	2.40381	134.696722858598	1.31563072497408	134.70314782161	0.559610429702025	
92	361.1039070883	2.2785	135.565412015298	2.32367397459931	135.585325148475	0.981988498997745	
93	307.016906224857	2.0578	135.656826263752	1.1773383944626	135.661935109481	0.497246097762329	
94	340.3495251407	2	134.009303402411	2.50026494199477	134.032625592352	1.06886616402018	
95	370.177075065393	1.65	134.811688731	1.88794897470219	134.824907824315	0.802337233864899	
96	328.501306170614	1.5	134.483547798123	0.876556910310008	134.486404444416	0.373445682279306	
97	346.362635125518	1.4483	136.768708845827	1.03268236403074	136.77260746297	0.432607846892377	
98	312.740012210407	1.2841	135.870192595496	1.38617667318823	135.877263446489	0.584523478882366	
99	353.275764108064	1.0488	136.071252549009	1.38008659791495	136.078251051643	0.581095747606083	
100	319.718146192789	0.80127	135.846679133016	0.463421288026531	135.847469578049	0.195455502571179	
101	361.1039070883	0.7595	134.497117063208	1.00467115068672	134.500869374273	0.427982007171429	
102	370.177075065393	0.55	135.956590468124	1.82188742645715	135.968797028994	0.767746618578918	
103	328.501306170614	0.5	136.813583104116	3.05194852230035	136.847619312758	1.27790508220488	
10/21/2021
Index	Time (s)	Frequency (Hz)	Z' (Ω)	-Z'' (Ω)	Z (Ω)	-Phase (°)	OCP value (V)
1	448.200637868402	10000	75.3473851330033	19.1214077333322	77.7358133686492	14.2397198439745	4.57763671875E-05
2	450.528676862524	6240.1	82.3603532349238	22.3699921919997	85.3442694950959	15.1955812348963	
3	453.036722856192	3893.8	90.8412277391784	24.2039680316472	94.0104288131816	14.9194278850201	
4	455.54476884986	2429.8	100.105604155465	24.074742693265	102.959823324817	13.5224633960362	
5	470.531049812023	2069.01	102.572405214459	23.9630927381798	105.33436345779	13.1496655401058	
6	470.531049812023	1609.23	106.067635199099	22.9518004626686	108.522478690856	12.2098904003964	
7	458.152817843275	1516.2	108.512722861363	22.4010018298172	110.800793795742	11.6640975154392	
8	473.244096805174	1291.05	110.632506428079	21.7491093231565	112.750056474086	11.1218784543548	
9	470.531049812023	1149.45	112.066222698601	21.1694281414264	114.048160694364	10.6971840063203	
10	473.244096805174	1004.15	115.773943847802	20.3324781053935	117.545802732298	9.96083358493868	
11	460.715864836804	946.12	115.79457719	19.5089259786375	117.426497433291	9.56331125283237	
12	476.197152797718	805.626	117.08903486707	18.1042165071001	118.480398131665	8.7894271348904	
13	473.244096805174	717.25	119.032940339601	18.2396341805186	120.422278424427	8.71177424216251	
14	470.531049812023	689.67	120.379647653218	16.9100314043356	121.561542978068	7.99616113946939	
15	476.197152797718	626.598	120.188193874021	16.8766039824892	121.367300821437	7.99310678836176	
16	463.213913830497	590.38	119.303447442473	18.1459182200259	120.675544000045	8.64833878658851	
17	479.335211789795	502.713	122.620607381458	15.8707071299212	123.643409445879	7.374758070581	
18	476.197152797718	447.57	123.374069943737	14.8841839752643	124.268660840501	6.87907331141116	
19	473.244096805174	430.35	124.162912556277	15.1520364957722	125.084024017566	6.95760343829242	
20	479.335211789795	390.999	124.66240855558	13.8985392772497	125.434785848741	6.36160186504097	
21	465.901960823711	368.4	125.506207928691	13.2110949980739	126.19960879372	6.00896767632921	
22	482.968278780622	313.695	126.44734036999	12.8005111307435	127.09359925603	5.78047137964824	
23	479.335211789795	279.285	127.117958798542	11.473337728019	127.634685441415	5.1573942260032	
24	476.197152797718	268.542	124.840971975348	9.11924454557536	125.173595078322	4.17785814951413	
25	482.968278780622	243.985	128.208939331818	10.3101625516054	128.622826809359	4.59765389190828	
26	470.531049812023	229.89	128.813367709838	9.56490586430092	129.167995745629	4.24664654387792	
27	487.21135676991	195.75	128.722398278878	9.05799249768062	129.040703062073	4.02517869790917	
28	482.968278780622	174.275	129.843795923674	10.0008259940068	130.228368109376	4.40433859405584	
29	479.335211789795	167.571	129.369399249288	8.38121773834414	129.640604260005	3.70673639056581	
30	487.21135676991	152.25	129.85318111102	7.80480488391974	130.087522937165	3.43961575942204	
31	473.244096805174	143.45	132.241149426191	7.28479387754026	132.441646861546	3.15307686757525	
32	491.654438758692	122.148	130.971181098048	7.99948461839907	131.215250761402	3.49518135614778	
33	487.21135676991	108.75	130.914128084493	7.04015317325021	131.103290152558	3.07822310568354	
34	482.968278780622	104.565	132.27523404251	6.59543440801749	132.439560917542	2.85448639537413	
35	491.654438758692	95.004	131.526155267592	7.30925666113943	131.729096073773	3.18080640088194	
36	476.197152797718	89.514	131.972422959555	7.83629510619231	132.204871100906	3.39813473164166	
37	495.687515748509	76.2219	131.949963852114	6.05374152114418	132.088760865484	2.62683500057972	
38	491.654438758692	67.86	132.782283555122	5.75797978786492	132.907069628933	2.48302238518042	
39	487.21135676991	65.25	131.377971966902	5.49642432204229	131.492897901233	2.39567080309594	
40	495.687515748509	59.2837	136.266596399744	3.86632495477375	136.321435449553	1.62523091770015	
41	479.335211789795	55.857	132.647507777919	3.08309896050011	132.68333286021	1.33147438186486	
42	499.710586738352	47.5632	133.828076474027	5.56620969273524	133.943782024704	2.38168716672896	
43	495.687515748509	42.3455	133.432424137648	4.56145747480319	133.51036928098	1.95792383273694	
44	491.654438758692	40.716	134.153291760335	4.37638775210841	134.224656676374	1.8684569804047	
45	499.710586738352	36.9936	134.110783832434	4.32495758170633	134.180503793336	1.84709951933495	
46	482.968278780622	34.855	133.819225505422	4.3252070069776	133.889105346642	1.85122776828332	
47	504.23867072692	29.6793	134.973064020072	3.92827748784595	135.030216525739	1.66707487158508	
48	499.710586738352	26.424	135.12810765062	3.27301596214392	135.167740643713	1.38752287296106	
49	495.687515748509	25.4073	134.48497808446	3.3300332452879	134.526199871224	1.41843255278274	
50	504.23867072692	23.0839	134.884700680834	3.1995104376851	134.922642076114	1.35882033784984	
51	487.21135676991	21.75	134.132355647596	4.37881439574556	134.203810851576	1.86978387125331	
52	509.381765713935	18.5202	135.379716819693	2.46470962856354	135.402151089757	1.04300602379224	
53	543.24439262844	18	137.36980710704	3.64834525514858	137.418245978204	1.5213361832084	
54	504.23867072692	16.4885	135.831967523196	2.91303813137497	135.863200287559	1.2285709514194	
55	499.710586738352	15.8544	135.030420283723	2.32803224347603	135.050487359822	0.987727121364349	
56	509.381765713935	14.4046	135.755598286931	2.66875609294047	135.781827669707	1.12620598786421	
57	543.24439262844	14	135.917311307222	1.84694182023904	135.92985951244	0.778528191544516	
58	491.654438758692	13.572	136.413074071024	2.69446638042381	136.439682374967	1.13157393437361	
59	549.452509612766	13.0347	136.536812127939	3.02419634867305	136.570299954329	1.26885458415689	
60	515.389879698766	11.5569	134.522752624122	1.39095806301621	134.529943647888	0.592414181973235	
61	509.381765713935	10.289	136.203355425084	1.94992021236935	136.217312474907	0.820204219487276	
62	549.452509612766	10.1381	135.240340686786	2.5815016918504	135.264976620199	1.09354347081278	
63	543.24439262844	10	136.073350028713	1.20664102624255	136.07869991517	0.50806146928381	
64	504.23867072692	9.8931	136.753455370005	1.7898675812501	136.765168012892	0.749860417059759	
65	556.270635595552	9.4392	136.706237192027	2.80617622271475	136.735035423244	1.17594837492366	
66	515.389879698766	8.9887	135.799739292326	2.98332260778654	135.832504967132	1.25850244639051	
67	495.687515748509	8.4691	135.880422147706	2.41716730238271	135.901919856956	1.01912311440351	
68	556.270635595552	7.3416	137.126569106001	1.67390302804254	137.136785386453	0.699374425548795	
69	549.452509612766	7.2415	136.458219121708	2.22347066247818	136.476332701516	0.933503404743986	
70	522.36300768116	7.21143	137.17249427793	3.10068584190993	137.207534192255	1.29490948253428	
71	564.313783575245	6.8355	137.179006621201	2.32375783579883	137.198686976439	0.970474907794036	
72	515.389879698766	6.4205	135.664755000413	1.67898207927482	135.675144113225	0.709054286571876	
73	509.381765713935	6.1734	137.084848511505	2.06207722512778	137.100356870085	0.861797735495286	
74	543.24439262844	6	136.493003596944	3.43983948962321	136.536341413668	1.44363865381296	
75	522.36300768116	5.60889	137.890662609952	2.12557354914079	137.907044410083	0.883139918221419	
76	564.313783575245	5.3165	137.652796054261	2.24241916740644	137.671059795726	0.933288638972729	
77	499.710586738352	5.2848	137.746575443108	2.82624232237464	137.775566382318	1.17541244892125	
78	556.270635595552	5.244	136.567727769187	1.83922581257424	136.580112094069	0.771584238867748	
79	574.116966550494	4.95	137.705633794547	1.58138145055762	137.714713614959	0.657943308185709	
80	531.336174658505	4.5	137.607617112005	2.02324160245922	137.622490145419	0.842357821039756	
81	549.452509612766	4.3449	137.454507963707	1.50069275681716	137.462699807239	0.625515645196364	
82	522.36300768116	4.00635	136.569422203888	1.74545628704608	136.580575847204	0.732241758058024	
83	515.389879698766	3.8523	136.619188224548	1.27654449270779	136.62515199251	0.535345615027077	
84	574.116966550494	3.85	138.312022025098	1.35093792159276	138.318619389941	0.559608477035453	
85	564.313783575245	3.7975	138.844524806631	2.03218034515272	138.859395885674	0.838542562793607	
86	531.336174658505	3.5	134.799776667229	-1.65118559407434	134.80988911575	-0.701790736371158	
87	504.23867072692	3.2977	137.647348242579	1.85537093427448	137.659852097544	0.77225233846501	
88	556.270635595552	3.1464	137.295256905493	1.9151472223372	137.308613559487	0.799173542426657	
89	574.116966550494	2.75	137.948446906992	2.01257345173306	137.963127160665	0.835846920078705	
90	531.336174658505	2.5	135.970198677342	-1.58051659933918	135.979384323789	-0.665975730006628	
91	522.36300768116	2.40381	138.996448681438	1.50442799238223	139.004590030818	0.620116626323913	
92	564.313783575245	2.2785	138.415527162346	2.02250596827215	138.430302643683	0.837137367137654	
93	509.381765713935	2.0578	137.530754427131	1.3789889667963	137.537667654597	0.574472237049107	
94	543.24439262844	2	138.668394015417	1.40020977173034	138.675463172905	0.578526811842041	
95	574.116966550494	1.65	138.130718182671	1.72312296704623	138.141465383932	0.714703826892099	
96	531.336174658505	1.5	139.001200149856	1.81952321715036	139.013108402906	0.749957893753048	
97	549.452509612766	1.4483	139.22288088574	2.59805685250664	139.247120119354	1.06908013932882	
98	515.389879698766	1.2841	137.178384754008	1.85723212850619	137.19095653467	0.775669298925202	
99	556.270635595552	1.0488	137.865202736125	1.06359594846094	137.869305364952	0.442014002080013	
100	522.36300768116	0.80127	138.218772986174	2.09122166105551	138.23459195816	0.866807245631166	
101	564.313783575245	0.7595	139.21860263941	0.443089338075503	139.219307745124	0.182353958583603	
102	574.116966550494	0.55	139.925126587187	0.17687532103054	139.925238378641	0.0724259055147288	
103	531.336174658505	0.5	135.749767931903	2.82148772602011	135.779086337159	1.190691288089	
10/21/2021
Index	Time (s)	Frequency (Hz)	Z' (Ω)	-Z'' (Ω)	Z (Ω)	-Phase (°)	OCP value (V)
1	651.712516354584	10000	76.4569033278313	20.3143563895953	79.1096147254229	14.8795259277377	5.18798828124944E-05
2	654.050556348681	6240.1	84.0485413121051	23.5282822894659	87.2796503440832	15.6388902006234	
3	656.558602342349	3893.8	93.1464212944006	24.9892428567871	96.4402304980108	15.0176373865192	
4	658.976647336244	2429.8	102.375936451124	24.5672887352895	105.282401378615	13.4941795917617	
5	673.732923298988	2069.01	105.443578781326	23.9838346981926	108.136823668184	12.8142816904917	
6	673.732923298988	1609.23	108.898066074769	22.5576408846755	111.209873469521	11.702994479009	
7	661.519696329823	1516.2	110.955063735384	22.5158978995089	113.216570460088	11.4711552537647	
8	676.465973292088	1291.05	113.103397852823	22.2913024056684	115.279142817748	11.1494050341705	
9	673.732923298988	1149.45	114.640714285389	21.7751410909628	116.690402953265	10.7547859933363	
10	676.465973292088	1004.15	116.697999703546	20.8654224221906	118.548677713693	10.1372770267841	
11	664.042744323453	946.12	117.834594623027	19.6160319281559	119.456186104277	9.45140883997798	
12	679.489027284455	805.626	120.56278791718	19.2937355497751	122.096822488661	9.09198652189353	
13	676.465973292088	717.25	121.03935624222	18.1508244054078	122.392721132129	8.52841426556841	
14	673.732923298988	689.67	122.877526283469	17.2470638245132	124.082019954993	7.98982758516955	
15	679.489027284455	626.598	123.099137438208	17.1389937740028	124.286534852397	7.92629089969039	
16	666.615789316957	590.38	123.1194723022	16.6798417569302	124.244201397926	7.71528013067032	
17	682.662088276444	502.713	124.952336932624	15.6579370435242	125.929573561507	7.14257621400548	
18	679.489027284455	447.57	126.379222588299	14.5590540248099	127.215069689562	6.57158071116073	
19	676.465973292088	430.35	126.686211774261	14.9739807838079	127.568085171123	6.74093654278635	
20	682.662088276444	390.999	127.170174110793	12.7578110884939	127.808508821357	5.72878993835722	
21	669.183838310473	368.4	127.755210770388	13.1361027336902	128.428778215852	5.8706608686545	
22	686.360156267107	313.695	128.283458534117	11.8273193618241	128.827525074268	5.26759369466164	
23	682.662088276444	279.285	130.397916760044	11.1726939733663	130.875688292295	4.89722978955809	
24	679.489027284455	268.542	130.24254150634	8.56172354310689	130.523648156414	3.76102797152187	
25	686.360156267107	243.985	130.650180025569	10.7713653090012	131.093447019039	4.71305258325133	
26	673.732923298988	229.89	131.670070141536	9.78237422008688	132.032958826419	4.24896042780115	
27	690.568235256483	195.75	130.948438093754	9.96884505457437	131.327344109732	4.35341705309156	
28	686.360156267107	174.275	132.541523801397	8.98149635955849	132.845484712327	3.876644200175	
29	682.662088276444	167.571	132.622178880523	8.65972936288684	132.904602040922	3.73589542856492	
30	690.568235256483	152.25	131.54759423235	8.60319619548235	131.8286180353	3.74180812859681	
31	676.465973292088	143.45	132.865347086333	9.0169982330202	133.170967982913	3.88246426186537	
32	695.041318245189	122.148	132.398643236535	8.0183678301029	132.64122644764	3.46573176774364	
33	690.568235256483	108.75	133.129350371726	6.26246720406527	133.27656367824	2.69323502926187	
34	686.360156267107	104.565	134.262033715872	6.71725530643791	134.42996398264	2.86417334388151	
35	695.041318245189	95.004	133.799132363223	7.53050573350389	134.01088141548	3.22133237904767	
36	679.489027284455	89.514	134.796440716932	7.49260973169494	135.004517074595	3.18149060104782	
37	698.929388235373	76.2219	134.04278996208	5.7807248148634	134.167381729702	2.46940569586228	
38	695.041318245189	67.86	134.1335824072	7.07464019592095	134.320022570319	3.01916769950386	
39	690.568235256483	65.25	134.292937420586	5.67726642355799	134.412887756693	2.42075150989638	
40	698.929388235373	59.2837	137.883863078454	8.36626663933166	138.137446461553	3.47223230973695	
41	682.662088276444	55.857	137.7207584471	5.35876123939946	137.82497462095	2.2282740452646	
42	703.202471224584	47.5632	135.575670376833	4.61206073082011	135.65409504439	1.94835658800716	
43	698.929388235373	42.3455	135.694247306844	4.88926309637661	135.782302402767	2.06355840898816	
44	695.041318245189	40.716	136.695042910684	4.59524102438944	136.772259601229	1.92537197328421	
45	703.202471224584	36.9936	136.129700748477	3.29639502531181	136.169606175654	1.38715224239841	
46	686.360156267107	34.855	136.971976531168	4.41108702465572	137.042986116013	1.84453315047059	
47	707.560549213581	29.6793	136.416738708988	3.26171123323473	136.455726740087	1.36967566534592	
48	703.202471224584	26.424	136.376156788212	3.71479092681435	136.426741557339	1.56031104624427	
49	698.929388235373	25.4073	136.414509574801	3.25774142060118	136.453403408259	1.36803161971659	
50	707.560549213581	23.0839	136.262661395751	2.90211608813925	136.293562461483	1.22009850019395	
51	690.568235256483	21.75	136.465008193793	3.07280150629176	136.499599158492	1.28991903353545	
52	712.77364420042	18.5202	137.489280049369	2.97495222704371	137.521461849585	1.23955564332626	
53	746.246266115909	18	136.166823843045	2.73025053078029	136.194192913882	1.14867094236914	
54	707.560549213581	16.4885	136.731082750776	3.38913586202443	136.773079339799	1.41989241826102	
55	703.202471224584	15.8544	138.168788356514	2.76242449567777	138.196400333009	1.14536852297029	
56	712.77364420042	14.4046	137.773444550157	2.42154894669325	137.794723855873	1.00694477322967	
57	746.246266115909	14	136.835202474816	3.64888628980094	136.88384494702	1.52750349888716	
58	695.041318245189	13.572	138.089016620797	3.03485796066866	138.122361962646	1.25901805074376	
59	752.319376100576	13.0347	139.203191628064	3.38221113017929	139.244274250572	1.39183808252775	
60	718.546751185844	11.5569	137.751561559603	1.57408946132592	137.760554839698	0.654691362350315	
61	712.77364420042	10.289	138.311747154652	2.01587286599331	138.326436896149	0.835018226530245	
62	752.319376100576	10.1381	138.495512907742	2.56148722820082	138.519198353148	1.05956989900718	
63	746.246266115909	10	139.115407910007	1.1141816244985	139.119869604094	0.458874690802657	
64	707.560549213581	9.8931	138.18185235501	2.89596632493521	138.212195341862	1.2006088981615	
65	758.977501083766	9.4392	140.223045412247	2.74905727560019	140.249990305132	1.12313353383518	
66	718.546751185844	8.9887	138.164341693015	1.61984801995918	138.173836970217	0.671708791342463	
67	698.929388235373	8.4691	138.275112918894	2.49495311213153	138.297619805131	1.03369847438493	
68	758.977501083766	7.3416	138.92984071673	2.27710795726069	138.948500755586	0.939013486763306	
69	752.319376100576	7.2415	139.643202345293	1.78254693067479	139.654578996926	0.731341500337052	
70	725.55488316815	7.21143	138.701131902407	1.89741214120127	138.714109462024	0.783749385807193	
71	787.590033011526	6.8355	139.39202966359	1.1300881106133	139.396610550159	0.464501885941675	
72	718.546751185844	6.4205	139.204518795223	2.46469637724619	139.226336521657	1.01434887056168	
73	712.77364420042	6.1734	139.562130922998	1.67843341620195	139.572223334375	0.689030142586178	
74	746.246266115909	6	140.712355946297	1.25148339766538	140.717921128234	0.509570220538782	
75	725.55488316815	5.60889	138.599339425737	1.73285239786642	138.610171584496	0.716309013879303	
76	787.590033011526	5.3165	140.728049416321	1.87479269014682	140.740536947084	0.763254766623245	
77	703.202471224584	5.2848	139.000865112582	2.38933386704088	139.021399138314	0.984779953611679	
78	758.977501083766	5.244	139.886363331271	3.12458200105028	139.921255207098	1.27957860072343	
79	796.673198988594	4.95	140.547907800174	0.893238132261738	140.550746214196	0.364132677894007	
80	734.51804814552	4.5	137.88402763704	2.29429455922502	137.903114050903	0.953274050590885	
81	752.319376100576	4.3449	140.932960211635	1.58508928817585	140.941873770947	0.644385082518203	
82	725.55488316815	4.00635	138.714678504564	1.49851677446855	138.722772410112	0.618934837360175	
83	718.546751185844	3.8523	139.301478311414	1.84943337781902	139.313754753666	0.760641617211031	
84	796.673198988594	3.85	141.520138965138	1.23479512649772	141.525525795584	0.499905911335288	
85	787.590033011526	3.7975	141.293822087339	0.16613911264709	141.293919763921	0.0673707133056067	
86	734.51804814552	3.5	137.492150745183	2.35305757768446	137.512284529419	0.980471300272713	
87	707.560549213581	3.2977	139.305965023938	2.44237713234781	139.327373826206	1.00443341318005	
88	758.977501083766	3.1464	140.315821471781	1.75991795668211	140.326857965661	0.718597396688664	
89	796.673198988594	2.75	140.437250155182	1.83926761495048	140.44929382702	0.750343993738498	
90	734.51804814552	2.5	139.338248881171	3.72734227508352	139.388093758781	1.53231481512143	
91	725.55488316815	2.40381	139.737537064031	1.21749461009086	139.742840810708	0.499189689152493	
92	787.590033011526	2.2785	139.953928125398	1.24559338594157	139.95947092145	0.509920376696911	
93	712.77364420042	2.0578	139.353840481858	2.13000693899714	139.370117983028	0.875691009630808	
94	746.246266115909	2	142.102352705836	4.40504417376617	142.170612500287	1.77554866022061	
95	796.673198988594	1.65	140.825817912587	1.0119630300897	140.829453808226	0.411715788605122	
96	734.51804814552	1.5	141.135826429491	1.89602617761083	141.148561513044	0.76966824133136	
97	752.319376100576	1.4483	140.032943493981	1.13610346993618	140.037552087584	0.464837088555433	
98	718.546751185844	1.2841	140.144884507279	1.04261515939812	140.148762748478	0.426247068821769	
99	758.977501083766	1.0488	140.681312882369	0.444964285380818	140.682016574693	0.181221585496205	
100	725.55488316815	0.80127	141.700497821791	0.141999376350843	141.700568971216	0.0574166101038409	
101	787.590033011526	0.7595	142.306320188164	1.47524904541034	142.313966725836	0.593947733058531	
102	796.673198988594	0.55	142.322857159128	-0.6540024878195	142.324359788448	-0.263283911985362	
103	734.51804814552	0.5	141.223792966552	2.67995042954872	141.249218879838	1.0871498205191	
10/21/2021
Index	Time (s)	Frequency (Hz)	Z' (Ω)	-Z'' (Ω)	Z (Ω)	-Phase (°)	OCP value (V)
1	874.235747792767	10000	78.2381438424569	22.1036420844416	81.3005420972706	15.7759126778621	6.08444213867189E-05
2	876.52378778699	6240.1	86.6341520624548	24.7946792753058	90.1124432248168	15.9711124499595	
3	879.051835780607	3893.8	96.182769023357	26.0739450326715	99.6542807237462	15.1676339148733	
4	881.644884774061	2429.8	105.92809900001	25.337657217674	108.916293689403	13.4522091632704	
5	896.556160736413	2069.01	107.682515134946	25.3991917038219	110.637439436185	13.2718395099335	
6	896.556160736413	1609.23	112.71699549943	23.739584266971	115.189795275394	11.8933747231281	
7	884.162929767703	1516.2	114.483316361559	23.013007170578	116.773405466201	11.365908968515	
8	899.299208729488	1291.05	116.316064526701	22.4203992844794	118.45717019689	10.9101905687364	
9	896.556160736413	1149.45	119.149547031725	21.1586454278979	121.013647305619	10.0696450543154	
10	899.299208729488	1004.15	120.499468692234	20.3321795121949	122.202780159973	9.57744934857857	
11	886.655977761409	946.12	121.428070384823	19.7152005258993	123.018150730524	9.22213493833564	
12	902.477269721464	805.626	123.865323385142	18.896018673846	125.2983553724	8.67376547141999	
13	899.299208729488	717.25	124.879236151763	18.1075013780231	126.185202095978	8.25039268236648	
14	896.556160736413	689.67	124.774721966912	17.7408419662827	126.029634275407	8.0922447096327	
15	902.477269721464	626.598	126.844782797883	17.0397459751095	127.984185999436	7.6510478633374	
16	889.2340227549	590.38	126.937454289784	15.9948955749656	127.94121300826	7.1817686319274	
17	905.765331713162	502.713	129.107513386377	15.3823726591883	130.020642212841	6.79441391394623	
18	902.477269721464	447.57	129.292463810797	13.7478385569141	130.021322340812	6.06952978069469	
19	899.299208729488	430.35	129.592451807054	13.9182920590945	130.337724466886	6.13009657836311	
20	905.765331713162	390.999	130.445486495527	12.9175172866477	131.083512311448	5.65534407654711	
21	891.897073748176	368.4	131.155135012836	13.0196681258636	131.799776928274	5.66913417106229	
22	909.358396704091	313.695	132.494347886674	12.5549991525366	133.087866560536	5.41311337042069	
23	905.765331713162	279.285	133.183487888012	11.5833572407573	133.686258123202	4.97067339910942	
24	902.477269721464	268.542	136.178239171999	11.9171013929608	136.698683715668	5.0012731953921	
25	909.358396704091	243.985	134.032806499322	10.1993435748579	134.420310323413	4.3515859525522	
26	896.556160736413	229.89	133.893997930947	10.0343042261083	134.26946765082	4.28585735730632	
27	913.40647269387	195.75	134.695273124382	8.99292934817884	134.995145765739	3.81968371508368	
28	909.358396704091	174.275	134.801006535423	9.65727986943113	135.146492434838	4.09772648057995	
29	905.765331713162	167.571	135.384107712907	8.50788921659469	135.651173235405	3.5958870650535	
30	913.40647269387	152.25	136.313355260004	8.55430769469523	136.581503148763	3.59087226227319	
31	899.299208729488	143.45	135.849773099727	7.66494473744121	136.065837847255	3.22933071774745	
32	917.934554682438	122.148	137.02406844377	7.98289522896646	137.256409501048	3.33423016031102	
33	913.40647269387	108.75	136.422350946759	7.17765009258332	136.611040910653	3.01175147283044	
34	909.358396704091	104.565	137.585592651414	7.11777828416444	137.769583264752	2.96146862882563	
35	917.934554682438	95.004	137.699431531214	6.23488870043255	137.84051393232	2.59252324441162	
36	902.477269721464	89.514	138.368151942925	6.89402332716243	138.539788615892	2.85233322693594	
37	921.852628672546	76.2219	139.005934934956	5.32542982328717	139.107908294043	2.1939747064872	
38	917.934554682438	67.86	138.432054491755	4.86227056752137	138.517419070238	2.01162299327895	
39	913.40647269387	65.25	138.949211252852	5.77418501744394	139.069135757742	2.37961903028919	
40	921.852628672546	59.2837	135.870215449223	2.93539617913629	135.901920504997	1.23764912043357	
41	905.765331713162	55.857	139.318966504041	7.19599824660729	139.504683858713	2.95677087662493	
42	926.155708661682	47.5632	139.253414784554	4.85081246724533	139.337876798634	1.99505876746217	
43	921.852628672546	42.3455	140.28708067467	4.52560657868995	140.360058845551	1.84769875142466	
44	917.934554682438	40.716	138.869208351895	4.33981853515932	138.937003901769	1.78997481610289	
45	926.155708661682	36.9936	140.00841996336	3.33552477025918	140.048146671527	1.36474183282673	
46	909.358396704091	34.855	140.285793122382	4.67688197406594	140.363730988369	1.90943347022321	
47	930.608791650439	29.6793	140.080356789964	4.04033983752864	140.138612467822	1.65212498673993	
48	926.155708661682	26.424	140.831734429426	3.34698467523359	140.871500768668	1.36142613367619	
49	921.852628672546	25.4073	140.994608861005	3.16378560491754	141.03010057155	1.28544735869628	
50	930.608791650439	23.0839	140.786120044179	3.72321205478126	140.835343238474	1.51488389528219	
51	913.40647269387	21.75	140.968159049621	3.62643737324608	141.014796790484	1.47362170627498	
52	935.786884637365	18.5202	140.841075410176	3.23410313248851	140.878202521776	1.31543941120083	
53	969.004499553499	18	140.402431306525	2.36823296047527	140.422402928231	0.966342862072026	
54	930.608791650439	16.4885	140.831787760055	1.87388351763692	140.844253994016	0.762322789879159	
55	926.155708661682	15.8544	141.992734389245	2.05640614594482	142.007624533233	0.829726655827612	
56	935.786884637365	14.4046	141.286544404145	2.24018092483893	141.304302978502	0.908382029905396	
57	969.004499553499	14	141.208129467005	1.93557461101883	141.221394542913	0.785318180434704	
58	917.934554682438	13.572	141.034371912783	3.38786719689012	141.075056990869	1.37607000323606	
59	974.862608538709	13.0347	141.130097069815	3.0205797936412	141.16241780738	1.22610313897579	
60	941.649993622562	11.5569	141.487000940365	1.60412311570053	141.496094101813	0.64956883664519	
61	935.786884637365	10.289	141.306037233093	1.91840159228269	141.319058952391	0.777812218927524	
62	974.862608538709	10.1381	141.534388670789	2.07856230281308	141.549650644784	0.841380584626264	
63	969.004499553499	10	142.471206343554	3.35908423676367	142.510799885122	1.35062869390905	
64	930.608791650439	9.8931	141.428192115659	2.88128819294328	141.457539024099	1.16711397197858	
65	981.86073852104	9.4392	140.882765158176	3.69061988354113	140.931097326809	1.50059939515938	
66	941.649993622562	8.9887	141.726768129472	2.70208992470091	141.752524119983	1.092239639914	
67	921.852628672546	8.4691	141.809517977647	2.60944831902698	141.833524279637	1.05418526465408	
68	981.86073852104	7.3416	140.634826135306	2.46877847910691	140.656493590899	1.00569726645684	
69	974.862608538709	7.2415	141.704475925693	2.90407637768696	141.734230717151	1.17404923056426	
70	948.403118605512	7.21143	141.502402899425	2.50094922688043	141.524502378022	1.01255466101782	
71	990.043892500379	6.8355	140.818497451579	2.83459887289663	140.84702402	1.1531767795578	
72	941.649993622562	6.4205	142.034061595771	1.79538733920979	142.045408475913	0.724211063384614	
73	935.786884637365	6.1734	142.673294639663	1.81598284853432	142.684851322914	0.729236223212409	
74	969.004499553499	6	141.556306739801	2.5860466830305	141.579926597168	1.04660176346539	
75	948.403118605512	5.60889	142.139191108398	1.90729389116966	142.1519870383	0.768776938146328	
76	990.043892500379	5.3165	144.064106728978	1.44106295611732	144.071313973538	0.573106470434656	
77	926.155708661682	5.2848	142.213528380723	2.149981799081	142.229779147093	0.866130677092933	
78	981.86073852104	5.244	141.862648043039	1.77899456182217	141.873802132156	0.718466340722894	
79	999.592066476273	4.95	143.10867938648	2.7335382607541	143.134783847831	1.09428137074132	
80	957.301287583047	4.5	143.02569557479	2.79715703392771	143.053044994243	1.12039213734226	
81	974.862608538709	4.3449	142.241609979017	1.26283559754485	142.247215660515	0.508664440952322	
82	948.403118605512	4.00635	142.768784008471	2.03564252443555	142.783295688763	0.816886010191308	
83	941.649993622562	3.8523	143.344212650507	1.70427866820737	143.354343729699	0.681181139262235	
84	999.592066476273	3.85	142.39051919278	0.893626430605041	142.393323313233	0.359576965008814	
85	990.043892500379	3.7975	142.305201626023	1.55219705829385	142.313666685708	0.624930169028128	
86	957.301287583047	3.5	143.484095545689	1.06645255512404	143.488058721333	0.42584584091798	
87	930.608791650439	3.2977	143.009397246764	2.18144686761219	143.026034033385	0.873914640825143	
88	981.86073852104	3.1464	142.526904869118	0.842982731435824	142.529397779743	0.338874892207085	
89	999.592066476273	2.75	141.720056423604	1.42253709105864	141.727195712343	0.575095977208083	
90	957.301287583047	2.5	141.938115029865	2.52988032765539	141.960659313428	1.02112190600841	
91	948.403118605512	2.40381	143.16548146085	0.870544699591828	143.168128191965	0.348393494853568	
92	990.043892500379	2.2785	143.028895910706	1.44359145521501	143.036180813545	0.578266991369405	
93	935.786884637365	2.0578	143.691812933233	0.686097767537267	143.69345090917	0.273573051056356	
94	969.004499553499	2	142.498095616479	0.626639490044735	142.499473442444	0.25195822066362	
95	999.592066476273	1.65	144.570639858127	2.10124851371902	144.585909252267	0.83270154387386	
96	957.301287583047	1.5	142.885065676327	2.71864838028294	142.910926952224	1.09002494130005	
97	974.862608538709	1.4483	143.08486165862	0.116395020741028	143.084909000451	0.0466082987150308	
98	941.649993622562	1.2841	143.380174630646	1.92981712965557	143.393161173287	0.771122652915427	
99	981.86073852104	1.0488	143.501758287154	2.70748658566545	143.527297456325	1.08088676478608	
100	948.403118605512	0.80127	144.267441647256	1.85246675318451	144.279334461024	0.735666292328317	
101	990.043892500379	0.7595	144.478500743782	0.490617888322321	144.47933375775	0.194563385974053	
102	999.592066476273	0.55	144.170222458159	0.945118664060351	144.173320322882	0.375601382579471	
103	957.301287583047	0.5	146.190734464093	-0.482320346695751	146.191530110563	-0.189032636517688	
10/21/2021
Index	Time (s)	Frequency (Hz)	Z' (Ω)	-Z'' (Ω)	Z (Ω)	-Phase (°)	OCP value (V)
1	1092.5419032416	10000	118.755697810668	43.778029067714	126.56789320974	20.2358738393823	6.27957857572099E-05
2	1102.24208121711	6240.1	137.159367412041	33.5438968240484	141.201576064198	13.7425952671627	
3	1104.61512521111	3893.8	146.895281057147	19.6597145590503	148.205020068153	7.62287693148926	
4	1107.17817120464	2429.8	150.561636157213	6.44221850854997	150.699397681772	2.45007247774177	
5	1121.94944716735	2069.01	145.697919060325	2.99612618123435	145.728721913708	1.17806207918751	
6	1121.94944716735	1609.23	142.225348789348	0.676393708122304	142.226957173034	0.272484567072261	
7	1109.7312201982	1516.2	150.326200394037	-5.53088997097358	150.427913861687	-2.10710956394582	
8	1124.61749316061	1291.05	148.952743872589	1.37686693521976	148.95910737424	0.529607011736687	
9	1121.94944716735	1149.45	147.999613556159	1.50451236370588	148.007260532127	0.582428814418754	
10	1124.61749316061	1004.15	154.090167975452	-10.7169556259462	154.462399970321	-3.97850900184948	
11	1112.23426619188	946.12	146.200397921363	-16.7208894435526	147.153472592896	-6.52454929202023	
12	1127.76055315268	805.626	146.376254669188	-16.4300535802334	147.295466975832	-6.40437816623813	
13	1124.61749316061	717.25	140.665661361025	-20.8097367557839	142.196601330621	-8.41516279306678	
14	1121.94944716735	689.67	148.310444782638	-21.763040098176	149.898692275613	-8.34799167808802	
15	1127.76055315268	626.598	147.815755558927	-22.0682591487284	149.454025216158	-8.49129702272415	
16	1114.78231318545	590.38	139.913476620794	-27.9007901152526	142.668269174238	-11.2776779887555	
17	1131.02361214444	502.713	139.94205265135	-28.3953089552281	142.793808237389	-11.4700294617067	
18	1127.76055315268	447.57	142.924337467098	-23.4235664135906	144.831038468765	-9.30734294983999	
19	1124.61749316061	430.35	124.323121693717	-23.7515088311545	126.571611190769	-10.8158320000717	
20	1131.02361214444	390.999	132.443525551342	-35.4596983855718	137.108269882107	-14.988521330285	
21	1117.44036117873	368.4	128.912052474134	-40.4854896526667	135.119917649139	-17.4351630791892	
22	1134.64167913531	313.695	128.675072664182	-32.0760193164408	132.612764620609	-13.997367483546	
23	1131.02361214444	279.285	134.818301283719	-37.7775347047794	140.011129876872	-15.6534420385074	
24	1127.76055315268	268.542	134.071195291043	-44.8297446937834	141.367575547148	-18.4885271893534	
25	1134.64167913531	243.985	114.759074857413	-40.9656948366947	121.85168614173	-19.6451054420153	
26	1121.94944716735	229.89	138.76331782142	-14.3812085917111	139.506550145026	-5.9169190182785	
27	1151.9540040916	195.75	123.715823378789	-54.2142441174291	135.073273520397	-23.6637981972196	
28	1134.64167913531	174.275	131.361736144258	-33.0797897681917	135.462829639504	-14.1344594277158	
29	1131.02361214444	167.571	51.1094906736799	-44.3104038061452	67.6431217670105	-40.9243122501312	
30	1151.9540040916	152.25	103.358717191003	-4.09499095768088	103.439805540774	-2.26882703563388	
31	1124.61749316061	143.45	63.3821336494031	-90.5486091680165	110.527577953256	-55.0087836167588	
32	1180.88953701854	122.148	420.919691335472	-671.596190412193	792.600043862047	-57.9227682348847	
33	1151.9540040916	108.75	102.139620759743	-78.1194294879609	128.589064046942	-37.4098378025131	
34	1134.64167913531	104.565	95.3346584711491	-66.1040115355854	116.010505760933	-34.737016752907	
35	1180.88953701854	95.004	784.535518146731	-617.314600738079	998.2851774509	-38.1975655314211	
36	1127.76055315268	89.514	149.74992891517	-136.084578100104	202.34637038203	-42.2628524831927	
37	1210.53508694369	76.2219	137.41008177045	9.70891114636845	137.752653432919	4.04160070724035	
38	1180.88953701854	67.86	-282.208882417566	1066.37532308442	1103.08575505206	104.823118860217	
39	1151.9540040916	65.25	134.400630503762	-141.203105071006	194.940622655983	-46.4138921756935	
40	1210.53508694369	59.2837	142.723827750996	9.11914156306357	143.014858496393	3.65586509235095	
41	1131.02361214444	55.857	-121.963933579196	-520.714678678423	534.807421120242	-103.182415398544	
42	1215.81818493035	47.5632	140.574175715848	8.73474003283626	140.845285904894	3.55556875071912	
43	1210.53508694369	42.3455	140.076227582645	7.26874152861174	140.264693124089	2.97048980080712	
44	1180.88953701854	40.716	-1388.2456899377	1119.12992404384	1783.16513046913	141.126084759177	
45	1215.81818493035	36.9936	142.806182567301	7.78454921211403	143.018198093394	3.12017877302836	
46	1134.64167913531	34.855	64.8445248239984	-125.76940497586	141.501786658798	-62.7251528778423	
47	1221.76629191534	29.6793	137.27765712594	5.40622893953152	137.384069154082	2.25524038017511	
48	1215.81818493035	26.424	144.084199511038	6.43782916164299	144.227952190451	2.55833236051664	
49	1210.53508694369	25.4073	141.172497948353	6.70609596506681	141.331687529975	2.71966837483827	
50	1221.76629191534	23.0839	138.183896310342	3.40613247827997	138.225869279115	1.41201333983044	
51	1151.9540040916	21.75	-123.870879542264	53.0528914248776	134.753864831826	156.814942596334	
52	1228.17441389916	18.5202	145.13651896301	5.88049155274768	145.255599952643	2.32018214173882	
53	1283.97844675827	18	144.024062606484	7.25862154353297	144.206859047649	2.88519005240288	
54	1221.76629191534	16.4885	136.313448064645	7.67957847299671	136.529601364669	3.22450064961281	
55	1215.81818493035	15.8544	144.70884767426	5.70800534866661	144.821379361863	2.25884708717139	
56	1228.17441389916	14.4046	145.656102957248	5.53838505830565	145.761359892622	2.17754893190331	
57	1283.97844675827	14	148.476284057932	4.87385741304878	148.556256730352	1.88010647756586	
58	1180.88953701854	13.572	8571.83119403655	954.551782954916	8624.81646908504	6.35422928466861	
59	1292.21659873747	13.0347	147.67274226985	4.72313832170623	147.748254964664	1.83191337475704	
60	1236.45756587824	11.5569	146.297452372087	4.22496675501931	146.358446680211	1.65420173805221	
61	1228.17441389916	10.289	145.755426029597	4.4080761386034	145.822067439442	1.73226620869642	
62	1292.21659873747	10.1381	148.655385641287	4.90235089074967	148.736198433387	1.88881321846593	
63	1283.97844675827	10	147.431719850078	4.14714292007103	147.490036315513	1.6112621174771	
64	1221.76629191534	9.8931	145.878554041458	-1.9759889620339	145.891936245992	-0.776048989219071	
65	1301.57977071383	9.4392	147.869231439506	4.78947785184906	147.946776594164	1.85515918525003	
66	1236.45756587824	8.9887	147.797223860502	4.3182347364709	147.860293967349	1.6735514545339	
67	1210.53508694369	8.4691	144.567623954406	5.40895296614457	144.668775718925	2.14270442591191	
68	1301.57977071383	7.3416	148.842249150516	4.18795965248427	148.90115559738	1.61170045488285	
69	1292.21659873747	7.2415	148.365528707069	4.43980597581854	148.431943952881	1.71405214420923	
70	1257.76696082444	7.21143	147.389365615564	3.87194789001941	147.440215263752	1.50482539242246	
71	1311.97796268757	6.8355	149.131909616121	3.47522804376617	149.172395823447	1.33492469787107	
72	1236.45756587824	6.4205	148.13998342423	3.25593860525484	148.175759910764	1.2590895842617	
73	1228.17441389916	6.1734	148.59174516324	3.88394793837075	148.642496555478	1.4972781008163	
74	1283.97844675827	6	149.204529875656	2.42080669438364	149.224167079153	0.929528331899982	
75	1257.76696082444	5.60889	148.266046009031	3.8200312938868	148.315248839216	1.47588247911916	
76	1311.97796268757	5.3165	150.639020648125	3.34502932284098	150.676155256885	1.27207791117815	
77	1215.81818493035	5.2848	148.023294688485	4.43800275180695	148.089809368705	1.71731535701851	
78	1301.57977071383	5.244	148.741538510949	4.19212304945721	148.800602062848	1.61439362062234	
79	1323.94618765736	4.95	148.872394422823	1.57050247359196	148.880678058652	0.604409071296427	
80	1269.90018579381	4.5	148.746809762209	3.12562684126648	148.779645642761	1.20378296046705	
81	1292.21659873747	4.3449	150.639985042324	2.66773179941822	150.663605049478	1.01456327830529	
82	1257.76696082444	4.00635	149.695889100754	3.19737512280813	149.730031795032	1.22360239803953	
83	1236.45756587824	3.8523	149.148116206674	3.5056872518575	149.189310646263	1.34647430421952	
84	1323.94618765736	3.85	150.385929761433	2.53964943907421	150.407372457217	0.967493196715483	
85	1311.97796268757	3.7975	150.436978965497	4.27699426475058	150.497765166816	1.62850735965544	
86	1269.90018579381	3.5	149.034774149916	2.33956217734748	149.053136354449	0.899360769877951	
87	1221.76629191534	3.2977	147.868820772457	-31.5556993977277	151.198380682853	-12.0464112617872	
88	1301.57977071383	3.1464	151.163199680193	3.80072533680078	151.210973314239	1.44029532145699	
89	1323.94618765736	2.75	151.252744930282	3.01856260007163	151.282862774062	1.14330448350966	
90	1269.90018579381	2.5	151.901969044219	1.73176532347822	151.911840258245	0.653174849258745	
91	1257.76696082444	2.40381	150.253443504274	2.29035992876372	150.270898824407	0.873309734954572	
92	1311.97796268757	2.2785	151.83675029244	3.58925806325535	151.879167474718	1.35415863093756	
93	1228.17441389916	2.0578	150.740514110883	2.62674175229915	150.763398630592	0.998311480204181	
94	1283.97844675827	2	152.990655149417	3.91972570334549	153.040859944778	1.46763616631536	
95	1323.94618765736	1.65	152.479274277847	1.79812062243904	152.489876129767	0.675632461635392	
96	1269.90018579381	1.5	151.923525184998	2.69538237438206	151.947433643286	1.01641818448988	
97	1292.21659873747	1.4483	151.259273371234	2.83322621699094	151.28580551919	1.07307750746099	
98	1236.45756587824	1.2841	150.703145367478	1.52954459256935	150.710907137844	0.58149709190317	
99	1301.57977071383	1.0488	152.607965180133	1.95440057665035	152.620479353312	0.733728302249503	
100	1257.76696082444	0.80127	153.192523643758	2.37986178459818	153.211008228708	0.8900242979435	
101	1311.97796268757	0.7595	152.749487632715	2.70987173076316	152.773523153897	1.01635645339687	
102	1323.94618765736	0.55	155.426728736156	2.14284402669012	155.4414995622	0.78987791744406	
103	1269.90018579381	0.5	153.002417192404	0.483619614018428	153.003181518064	0.181103481893448	
10/21/2021
Index	Time (s)	Frequency (Hz)	Z' (Ω)	-Z'' (Ω)	Z (Ω)	-Phase (°)	OCP value (V)
1	1407.17884044721	10000	66.4231544167944	14.4768333715824	67.9824547007967	12.2952598552652	0.000126457214355465
2	1409.42188144155	6240.1	70.6443765779216	19.9919192890365	73.418695023424	15.8011832065282	
3	1411.90992543527	3893.8	78.6069179316287	25.9356462223435	82.7750281889434	18.2598421479716	
4	1414.392971429	2429.8	89.3232812241327	29.340767111027	94.0187703775635	18.1842339862302	
5	1429.46925339094	2069.01	92.8405858259712	30.2680961035346	97.6500487365077	18.057120468335	
6	1429.46925339094	1609.23	99.141523366895	30.8550019576619	103.83194499438	17.2872797863753	
7	1416.97602142248	1516.2	101.07113573048	30.6237617509601	105.608660921482	16.8563971279167	
8	1432.14730138418	1291.05	104.56048448793	30.9671578246592	109.049804126775	16.4974465165596	
9	1429.46925339094	1149.45	107.776877188608	30.4498513026534	111.995753048417	15.7764055608195	
10	1432.14730138418	1004.15	110.4724356846	29.3981489213309	114.317147471798	14.9017952689758	
11	1419.56906841593	946.12	112.005843929419	28.9005833995428	115.674339398051	14.4683034833864	
12	1435.25536037633	805.626	115.837749989856	27.8728477618881	119.143946405471	13.52930243379	
13	1432.14730138418	717.25	117.977044327295	27.5150339529656	121.143138813708	13.128060898828	
14	1429.46925339094	689.67	118.398666652361	27.4388984788377	121.536568220387	13.0479614214599	
15	1435.25536037633	626.598	121.091378227606	27.4795201241659	124.170229553285	12.7857064825885	
16	1422.14711640942	590.38	121.400508356964	25.8763518113438	124.127631945485	12.0324526038853	
17	1438.50342136813	502.713	124.694944008374	23.9633307724654	126.976652511247	10.878230711944	
18	1435.25536037633	447.57	125.381814117664	24.2303489047836	127.701641021108	10.9377207509117	
19	1432.14730138418	430.35	127.130205471976	24.1690774186949	129.407238772094	10.7642039094248	
20	1438.50342136813	390.999	128.206999692574	22.9008947924906	130.236268959413	10.1276113173161	
21	1424.84016540262	368.4	129.424852997059	22.0891432463732	131.296316866351	9.68543867211022	
22	1442.15148535892	313.695	130.363823553064	21.1013804099746	132.060572263567	9.19445306024483	
23	1438.50342136813	279.285	133.146552613057	20.0232000998678	134.643726236988	8.55231925673447	
24	1435.25536037633	268.542	130.669047292346	18.4407793659997	131.963867266441	8.03286659044394	
25	1442.15148535892	243.985	134.998162437466	18.7678972184184	136.296507026019	7.9147209990376	
26	1429.46925339094	229.89	134.834796038576	17.2399369435478	135.932474591548	7.28628730804535	
27	1446.32456334838	195.75	135.827094090819	16.8215252852061	136.864762455779	7.05985640761064	
28	1442.15148535892	174.275	139.128589544228	16.8197636482158	140.141602951258	6.89324384918212	
29	1438.50342136813	167.571	138.610356903776	16.5322367076599	139.592785958123	6.80161081567449	
30	1446.32456334838	152.25	138.316677082438	14.7576774623526	139.101733286146	6.09012491226756	
31	1432.14730138418	143.45	141.318727261102	15.1231060004618	142.125617007628	6.10821379644885	
32	1450.87764733689	122.148	140.618746842247	14.1434063274831	141.328227562749	5.74348278754825	
33	1446.32456334838	108.75	140.912309256792	13.5529187224076	141.562567460391	5.49379837980574	
34	1442.15148535892	104.565	142.496697137034	13.0766256374436	143.095446583829	5.24322911447909	
35	1450.87764733689	95.004	142.038995910274	12.7017661607692	142.60578958374	5.11005408921208	
36	1435.25536037633	89.514	144.243941344871	11.4673420147623	144.699048191707	4.54543416372527	
37	1454.84072432688	76.2219	143.146155298101	10.745661179822	143.548915045777	4.2930139348836	
38	1450.87764733689	67.86	145.004596435939	10.3105150946672	145.370697559952	4.06715674515912	
39	1446.32456334838	65.25	143.327615133311	9.44657934971802	143.638585071049	3.77085347766382	
40	1454.84072432688	59.2837	143.71865888084	14.9918279391605	144.498469941604	5.95519802058446	
41	1438.50342136813	55.857	142.594142706393	11.0197319486261	143.019313473358	4.41905729752858	
42	1459.03380031629	47.5632	146.039888436264	9.07588638340226	146.321634518348	3.55616589656658	
43	1454.84072432688	42.3455	146.883281018946	8.48804070782623	147.128328604481	3.30731065195856	
44	1450.87764733689	40.716	146.358102565334	8.89854672721794	146.628368061508	3.47929026684134	
45	1459.03380031629	36.9936	147.617753577228	8.84166232744205	147.882305107473	3.42767335380913	
46	1442.15148535892	34.855	148.284541865608	7.44200396157622	148.471171542685	2.87311108681751	
47	1463.40688030525	29.6793	148.585954466745	7.06491815409977	148.753819894878	2.72223145216339	
48	1459.03380031629	26.424	147.924358186662	6.61124742842529	148.072024155462	2.55904210567106	
49	1454.84072432688	25.4073	148.048100845685	7.1755067003246	148.221887926245	2.77480613651495	
50	1463.40688030525	23.0839	148.245673502654	5.69813899020312	148.355143153876	2.20120201991638	
51	1446.32456334838	21.75	149.76495675717	6.96865792044845	149.926997120896	2.66408720448183	
52	1468.58497829218	18.5202	148.25201330844	5.05914018901534	148.338310457744	1.95447557661922	
53	1502.03259720773	18	150.652942654579	6.35026685249033	150.786720302492	2.41368157143612	
54	1463.40688030525	16.4885	149.435167738589	5.90190775766843	149.551669573563	2.26170822545451	
55	1459.03380031629	15.8544	150.140402321466	5.22951580069408	150.231448920528	1.99485347720543	
56	1468.58497829218	14.4046	149.85590163459	5.66207531889943	149.962829900055	2.1638038364005	
57	1502.03259720773	14	150.264766151859	5.38488384764566	150.361221465927	2.05237164766314	
58	1450.87764733689	13.572	149.027559892547	5.885278518893	149.143723001579	2.26150444649702	
59	1508.05570619253	13.0347	151.162190212118	5.24302209310663	151.253089325122	1.98649317998972	
60	1474.24308127789	11.5569	151.35114662589	4.35517370091848	151.413794361468	1.64824805943539	
61	1468.58497829218	10.289	150.549269704909	3.99064899840205	150.60215100758	1.51839870274331	
62	1508.05570619253	10.1381	152.04436809692	3.2195524305427	152.078451425061	1.21306172173196	
63	1502.03259720773	10	150.771948611113	5.30983458930322	150.865419600907	2.01698943743204	
64	1463.40688030525	9.8931	151.505772099604	4.34431171105838	151.568044203717	1.6424624423445	
65	1514.60382817599	9.4392	151.893378071359	4.86093189908589	151.971138578536	1.83296905854886	
66	1474.24308127789	8.9887	150.968917443892	3.22312417901754	151.003319710708	1.22305548093107	
67	1454.84072432688	8.4691	150.88344072383	4.6119269404266	150.953908709796	1.75076668754109	
68	1514.60382817599	7.3416	152.986742429311	5.15269949578102	153.073491079371	1.9290323526988	
69	1508.05570619253	7.2415	151.943467846402	3.24652252124236	151.978147539939	1.22403247755167	
70	1481.19621126034	7.21143	151.877389809806	4.28103542312362	151.937713553067	1.61459405260665	
71	1522.46697515614	6.8355	151.868447487251	3.57233408212523	151.910456891493	1.34749469919947	
72	1474.24308127789	6.4205	152.559521733866	4.11419694269782	152.614987102018	1.54476756469462	
73	1468.58497829218	6.1734	150.984296671361	4.45724716009525	151.050074126403	1.69095267642215	
74	1502.03259720773	6	151.786763424365	5.07953981517063	151.871732970879	1.91668637913241	
75	1481.19621126034	5.60889	152.834767286032	3.54274717706133	152.87582264353	1.32789233972683	
76	1522.46697515614	5.3165	151.93012905679	3.45266819803094	151.969355571768	1.30184363563138	
77	1459.03380031629	5.2848	152.201675819355	2.89740350538234	152.229251687358	1.09058551690798	
78	1514.60382817599	5.244	153.126135240005	4.31482601164139	153.186915293216	1.61406750196866	
79	1531.74014713273	4.95	153.244646464952	3.81094253317867	153.292025080104	1.42455826605116	
80	1490.1243772378	4.5	152.528619836893	3.77712649460992	152.575379907453	1.41854811622464	
81	1508.05570619253	4.3449	152.48877380825	3.4404292196416	152.527580098679	1.29247964817381	
82	1481.19621126034	4.00635	152.954759598177	3.11628078379613	152.986501658347	1.16717543340162	
83	1474.24308127789	3.8523	152.594815542817	4.13610189762731	152.650860035094	1.55262923814989	
84	1531.74014713273	3.85	153.489136008176	3.96566655835987	153.540357508339	1.48000975404687	
85	1522.46697515614	3.7975	153.850027564038	3.09974602273402	153.881250991993	1.15423013973338	
86	1490.1243772378	3.5	152.342421620828	1.62007166093232	152.35103562984	0.609283801463728	
87	1463.40688030525	3.2977	154.001644052308	3.66610369940611	154.045274796563	1.36370364504985	
88	1514.60382817599	3.1464	155.596975109238	2.91894485134769	155.624351893237	1.0747227293029	
89	1531.74014713273	2.75	154.837094799625	3.26883348155132	154.871595840936	1.2094165513283	
90	1490.1243772378	2.5	154.256101203599	3.03209955922474	154.28589820937	1.12607629429994	
91	1481.19621126034	2.40381	154.25894315092	3.11905514858303	154.290472962716	1.15834028440063	
92	1522.46697515614	2.2785	154.665078096912	3.08728887423063	154.695887906941	1.14353632295056	
93	1468.58497829218	2.0578	153.138684065468	3.64953739673957	153.182165020976	1.36519076456316	
94	1502.03259720773	2	154.035106295406	1.38611157990508	154.041342751707	0.515572078429554	
95	1531.74014713273	1.65	154.839346155364	3.59547491174515	154.881085215921	1.33020791430429	
96	1490.1243772378	1.5	154.702776218842	3.28035948548262	154.73755112503	1.21473316200328	
97	1508.05570619253	1.4483	156.848341810503	1.05851400778338	156.851913538245	0.386663089954195	
98	1474.24308127789	1.2841	154.36835288183	2.6723036976011	154.391481560679	0.991760478070566	
99	1514.60382817599	1.0488	156.315829260212	2.10255662309644	156.329969045161	0.770621612667865	
100	1481.19621126034	0.80127	155.70679630414	2.348395280679	155.724504737351	0.864078771486239	
101	1522.46697515614	0.7595	156.595999716567	2.18171239597241	156.611196905617	0.798199352018486	
102	1531.74014713273	0.55	156.157167595942	2.27878435755223	156.17379373549	0.836051660494303	
103	1490.1243772378	0.5	155.650250798426	1.32614590475559	155.655900102032	0.48815035311856	
10/21/2021
Index	Time (s)	Frequency (Hz)	Z' (Ω)	-Z'' (Ω)	Z (Ω)	-Phase (°)	OCP value (V)
1	1609.6216999361	10000	67.4665446839438	15.936990541905	69.3233172830279	13.2908106475571	0.000133895874023441
2	1611.88473993038	6240.1	72.1619589777344	21.6001753841812	75.3254000993796	16.6639727476268	
3	1614.35278892415	3893.8	80.9972182587774	27.2825980804721	85.4686464364599	18.6152629022521	
4	1616.89583691773	2429.8	92.0574554343972	30.6606201697759	97.0291127974037	18.4208327719679	
5	1631.93211387977	2069.01	96.3165756806646	31.8807670139554	101.455734467044	18.3145331053652	
6	1631.93211387977	1609.23	101.691091729363	32.6355021739633	106.79959802947	17.7928817603983	
7	1619.46888291123	1516.2	103.900866737382	31.1386304437326	108.466605066677	16.6832410376973	
8	1634.6501648729	1291.05	108.004684795479	31.3342264838939	112.458195286581	16.1784555896012	
9	1631.93211387977	1149.45	110.334193653519	30.7369715870485	114.535565269113	15.5668082215568	
10	1634.6501648729	1004.15	114.23900227711	31.1021561700658	118.397186451776	15.229937535922	
11	1622.02192890479	946.12	114.841552683865	29.4675074451955	118.561866626136	14.3912041214337	
12	1637.79321986497	805.626	117.664836142239	28.6021544937185	121.091275102967	13.6625617135433	
13	1634.6501648729	717.25	120.600736409581	28.0698613933572	123.824289786679	13.1023394196019	
14	1631.93211387977	689.67	122.129044212142	27.4221205369781	125.169789226139	12.6549666547942	
15	1637.79321986497	626.598	123.473126590447	27.2190901716896	126.437699519547	12.4317609375968	
16	1624.65997689813	590.38	124.308041823917	26.4091206546182	127.082378463133	11.9941040950685	
17	1641.08128285667	502.713	127.957096567383	25.4357771032106	130.460711782509	11.2429048680847	
18	1637.79321986497	447.57	129.637790127649	24.3068551002074	131.896853010384	10.6195568415116	
19	1634.6501648729	430.35	130.834830184611	24.2404058507322	133.061452213795	10.4964449888456	
20	1641.08128285667	390.999	131.978673090086	22.5485211263077	133.891022684881	9.69535729808925	
21	1627.33802689137	368.4	132.40517745452	22.0140321535279	134.222757490745	9.43979643357639	
22	1644.80935084726	313.695	135.711161629925	20.7707035359482	137.291447353147	8.70164087521436	
23	1641.08128285667	279.285	135.695753256749	19.672694378206	137.114376912178	8.24906808888166	
24	1637.79321986497	268.542	138.111009432045	17.1286208930385	139.169107850973	7.0697618795837	
25	1644.80935084726	243.985	138.728069834925	18.4136479339226	139.944774073055	7.56078612858957	
26	1631.93211387977	229.89	138.920425856068	17.7432953691811	140.048953050672	7.27856517591084	
27	1649.07243083649	195.75	140.314697117158	16.7719147476471	141.313521473998	6.81626505168384	
28	1644.80935084726	174.275	141.686858597475	15.515977995686	142.533895871766	6.24949783337578	
29	1641.08128285667	167.571	141.211227176342	15.9643530440595	142.11077105119	6.45007344648866	
30	1649.07243083649	152.25	142.372952952715	14.3774888435131	143.097064672625	5.76644778518644	
31	1634.6501648729	143.45	143.435535535201	15.9209128243263	144.316417359321	6.33373279444568	
32	1653.62051282501	122.148	143.962950464322	12.9498710611224	144.544215612014	5.14008214037222	
33	1649.07243083649	108.75	144.58632729728	12.0307450358254	145.085991285972	4.75651239786448	
34	1644.80935084726	104.565	145.937683047051	12.6881859167209	146.488215891241	4.9689429444879	
35	1653.62051282501	95.004	145.174371628417	12.0229832923257	145.671377782162	4.7342910651444	
36	1637.79321986497	89.514	146.422760967305	11.331736456304	146.860590971179	4.42533047936053	
37	1657.51858581517	76.2219	147.025259131331	10.726068108881	147.415994246593	4.17255934673988	
38	1653.62051282501	67.86	147.3516912895	10.0153893728967	147.691668519815	3.88837276603315	
39	1649.07243083649	65.25	145.994149691981	10.0987125271554	146.343007140726	3.95696268266705	
40	1657.51858581517	59.2837	144.80911271703	9.43048609948828	145.115861276313	3.72604405495843	
41	1641.08128285667	55.857	151.811562152821	7.76008641779423	152.00976726675	2.92621688453903	
42	1661.80166480435	47.5632	149.50422221043	7.89883196489416	149.71273828621	3.02432489155652	
43	1657.51858581517	42.3455	149.624371003086	8.21831899190552	149.84990211916	3.14388837234224	
44	1653.62051282501	40.716	149.430843027517	8.77586750538433	149.688318510117	3.36104159402403	
45	1661.80166480435	36.9936	150.065777963096	8.03345275354802	150.28065104601	3.0642829447864	
46	1644.80935084726	34.855	150.71544290898	6.97981333059997	150.876978115881	2.65154189378414	
47	1666.32975079292	29.6793	150.959737738804	6.95429850207401	151.119835514152	2.6375936676801	
48	1661.80166480435	26.424	150.753889998956	6.7093795915795	150.903118338625	2.54829658722381	
49	1657.51858581517	25.4073	151.832652680916	5.99377459903779	151.950912317326	2.26064524144622	
50	1666.32975079292	23.0839	152.062478346842	6.78219426617919	152.213650767754	2.55377754073159	
51	1649.07243083649	21.75	151.314335444902	5.82327273511856	151.42634716746	2.20391793893315	
52	1671.49784377987	18.5202	151.94431404143	5.40666248829856	152.04047674479	2.03790644932815	
53	1704.93046569546	18	152.14327938382	6.07559520826489	152.264540582494	2.28679901682847	
54	1666.32975079292	16.4885	152.862573782727	5.44118750725967	152.959383448577	2.0385991419319	
55	1661.80166480435	15.8544	151.678767673243	5.55580522165137	151.780484695941	2.09773555507971	
56	1671.49784377987	14.4046	153.466766480565	4.43226313802248	153.530757083149	1.6542956197433	
57	1704.93046569546	14	153.921397542159	4.96046476706621	154.00130789067	1.84584708142193	
58	1653.62051282501	13.572	154.33119262796	4.53693578921711	154.39786528422	1.68386198708123	
59	1711.01857968009	13.0347	152.725427488967	4.35891039045171	152.787618285906	1.63482527401634	
60	1677.34595376511	11.5569	151.869039832654	4.68745920037762	151.941362154771	1.76788101311776	
61	1671.49784377987	10.289	153.843941075347	4.12404094115733	153.899207013159	1.53554026315054	
62	1711.01857968009	10.1381	152.554145871498	4.76335043185129	152.628493178433	1.78842228801612	
63	1704.93046569546	10	154.527119729193	6.3060489702125	154.655736994834	2.33686891417261	
64	1666.32975079292	9.8931	154.240969994075	5.02116482298053	154.322677921597	1.86454992293426	
65	1717.97670566253	9.4392	153.479878848741	4.06624203942752	153.53373419463	1.51761925916348	
66	1677.34595376511	8.9887	152.184665114022	3.70798817921092	152.22983108512	1.39573883354035	
67	1657.51858581517	8.4691	154.839770137299	4.62541994582086	154.908840696219	1.71104783751866	
68	1717.97670566253	7.3416	154.697613998179	3.81066731348329	154.744540976745	1.41108194100454	
69	1711.01857968009	7.2415	155.021686038741	4.49404685698436	155.08681310623	1.66052781746115	
70	1684.23408174772	7.21143	154.367265816529	3.46776154737431	154.406211422405	1.28689646480924	
71	1725.54484664342	6.8355	154.646633217755	3.49710565655144	154.686169108812	1.29543881128063	
72	1677.34595376511	6.4205	153.367694361129	3.3636571467928	153.404575756559	1.25640844524689	
73	1671.49784377987	6.1734	154.772881209424	4.98365729326807	154.853096830136	1.84427596373736	
74	1704.93046569546	6	155.498989631032	2.8754065432339	155.525572620905	1.05936305942859	
75	1684.23408174772	5.60889	155.668157002075	3.81857666685902	155.714985252491	1.40519720148933	
76	1725.54484664342	5.3165	154.498095613765	2.65912418011207	154.520977506892	0.986041611223839	
77	1661.80166480435	5.2848	154.750261686151	3.94340472704957	154.800497198083	1.45971683294435	
78	1717.97670566253	5.244	155.798263023812	2.76986775265912	155.822883199497	1.01852877864821	
79	1734.79801662006	4.95	154.073955394471	2.28610282543007	154.090914712795	0.850075095434389	
80	1693.14224572523	4.5	154.692605427713	2.41706688731258	154.711487570742	0.895171831894775	
81	1711.01857968009	4.3449	154.976183607567	3.75216353163581	155.021599194224	1.38693015692995	
82	1684.23408174772	4.00635	155.743207089085	3.19602175702747	155.775996576704	1.17560735480454	
83	1677.34595376511	3.8523	155.146367496605	2.42032862635013	155.165245264689	0.893758387634611	
84	1734.79801662006	3.85	154.626255511716	1.51384902432029	154.633665908957	0.560929245113777	
85	1725.54484664342	3.7975	155.391963192163	2.95843784882647	155.420122825907	1.09069686476709	
86	1693.14224572523	3.5	154.86524447439	2.23429505536257	154.881361113941	0.826568907153585	
87	1666.32975079292	3.2977	156.376132037589	3.44261180118349	156.414021900375	1.26115966432673	
88	1717.97670566253	3.1464	155.878325558231	2.86460773337537	155.904645076097	1.05281769929435	
89	1734.79801662006	2.75	156.172368274142	2.31116715644222	156.189468614178	0.847848179869987	
90	1693.14224572523	2.5	156.516641432754	2.75139402453147	156.540822836944	1.00709438127253	
91	1684.23408174772	2.40381	157.320343692054	2.9162745757337	157.347371114954	1.06198020053136	
92	1725.54484664342	2.2785	156.620593856192	3.33742525500648	156.656148386199	1.22072993134431	
93	1671.49784377987	2.0578	157.334064756617	2.37168993912352	157.351939441516	0.863624369790849	
94	1704.93046569546	2	157.384674186351	2.23512838373794	157.400544686592	0.813642212261669	
95	1734.79801662006	1.65	156.328595384179	2.08367040131455	156.34248116597	0.763637967059647	
96	1693.14224572523	1.5	160.023206466379	1.38101662481049	160.029165512726	0.494456157103276	
97	1711.01857968009	1.4483	156.91697045721	3.17956208439885	156.949180413653	1.16080855614476	
98	1677.34595376511	1.2841	158.536239054242	2.72816017353836	158.559710996824	0.985873248167738	
99	1717.97670566253	1.0488	158.304115989221	3.11296443124807	158.334720407998	1.12654518095266	
100	1684.23408174772	0.80127	158.169026909705	2.83148382404175	158.19436897124	1.02557845420702	
101	1725.54484664342	0.7595	158.744432556268	2.16755374950273	158.759230147001	0.782288628419041	
102	1734.79801662006	0.55	158.34643546373	1.12348072575866	158.350421006735	0.406511353731071	
103	1693.14224572523	0.5	156.819739095037	2.04913607521107	156.833126374788	0.748631314077787	
