10/14/2021
Index	Time (s)	Frequency (Hz)	Z' (Ω)	-Z'' (Ω)	Z (Ω)	-Phase (°)	OCP value (V)
1	75.1434988102809	10000	83.4929326235312	9.22421045225702	84.0009277124071	6.30441008386302	0.000872230529785154
2	77.6715408038982	6309.6	86.358753517969	9.38715222713308	86.8674446275053	6.20366506961154	
3	80.099584797768	3981.1	89.8589150509069	8.61625511402734	90.2710610678533	5.47714558707863	
4	82.4176287919155	2511.9	92.9802029272467	7.61235988459889	93.2912973401304	4.68041032539637	
5	94.735853760815	2260.71	92.3187002055191	8.76764993422207	92.7341042605447	5.42519693631977	
6	94.735853760815	1758.33	94.4730654455162	7.21895266731509	94.7484742477984	4.36964022070805	
7	84.7956717859115	1584.9	95.7146828015749	5.20938963562951	95.8563417003898	3.11531979437919	
8	97.3889047541167	1426.41	95.6918791327738	6.14323212294765	95.8888681384748	3.67323662114941	
9	94.735853760815	1255.95	90.3948386084438	5.1598209330718	90.5419825225181	3.26695096519885	
10	97.3889047541167	1109.43	101.660795645114	9.25527026366433	102.081229414868	5.20190780427964	
11	87.113715780059	1000	96.3459323556443	3.89784534852204	96.4247472376225	2.31673882360023	
12	100.166954747103	900	99.8563733978881	0.327377778378489	99.8569100482697	0.187842770223576	
13	97.3889047541167	792.45	103.624666186645	1.02783679792516	103.629763537204	0.568289207001278	
14	94.735853760815	753.57	97.7451312204894	2.89591840020269	97.7880208445356	1.69701935809313	
15	100.166954747103	700	98.83403177526	4.61420236030838	98.9416833310157	2.6729911634761	
16	89.6917627735501	630.96	96.8122789357754	2.50276675931696	96.8446239818707	1.48086628976268	
17	103.155010739559	567.864	102.965023548721	3.35927154244776	103.019807705531	1.86863294491471	
18	100.166954747103	500	96.8837054448093	-1.46429511248692	96.8947704517278	-0.865899400637601	
19	97.3889047541167	475.47	98.864756172499	1.25617300766386	98.8727363011303	0.727959504145782	
20	103.155010739559	441.672	94.7964832701889	3.94893182765996	94.878697835577	2.38538794756962	
21	92.2748107670285	398.11	96.9696058575912	1.16210865685993	96.9765691118578	0.686614464519599	
22	105.873061732696	358.299	95.6001613283824	-0.101999762626845	95.6002157422478	-0.0611312116115547	
23	103.155010739559	315.48	98.3021177628688	3.73737227079326	98.3731381432728	2.17729360049716	
24	100.166954747103	300	107.682997593387	-4.63194115974932	107.782572105163	-2.4630367521547	
25	105.873061732696	278.677	97.4588395890262	4.48146954940886	97.5618213409416	2.63278883512769	
26	94.735853760815	251.19	93.0432367502192	1.63927881123578	93.0576764161792	1.00935913367095	
27	108.666111725644	226.071	95.8685773684549	0.475188948783504	95.8697550387424	0.283993974005637	
28	105.873061732696	199.055	96.5244711944386	-1.05401516800603	96.5302257706901	-0.625626017788715	
29	103.155010739559	189.288	92.580951298305	0.609643391347004	92.5829585202576	0.377285910096886	
30	108.666111725644	175.833	100.206193629383	8.04612297677729	100.52870901711	4.59075350424887	
31	97.3889047541167	158.49	100.639277701235	1.98289552235209	100.658810299342	1.1287526005953	
32	111.889174717507	142.641	93.2072636114652	-2.77887143436295	93.2486788988771	-1.70770441576257	
33	108.666111725644	125.595	90.744516021314	-0.899168477204463	90.7489707483943	-0.567713345898893	
34	105.873061732696	119.433	95.615511292455	0.708329362982844	95.6181349441834	0.424445156007623	
35	111.889174717507	110.943	92.6862654469335	-1.53216179936695	92.6989283771871	-0.947048727302944	
36	100.166954747103	100	96.2367889547977	5.53023233636673	96.3955549702603	3.2888761908165	
37	115.412236708612	90	96.0627514123242	3.54483574308592	96.1281335996463	2.11332707303973	
38	111.889174717507	79.245	94.9880594729403	0.108067857528922	94.9881209472883	0.0651853454034176	
39	108.666111725644	75.357	94.9176024304049	-1.97528322182534	94.9381535260868	-1.19218201270961	
40	115.412236708612	70	95.0503390330335	-0.0832265705507596	95.0503754698352	-0.050168469315998	
41	103.155010739559	63.096	74.6575060829115	18.4363635888177	76.9002127233667	13.871430758187	
42	118.955302699667	56.7864	83.7481066663674	8.70781344174221	84.1995925473362	5.93606945295424	
43	115.412236708612	50	96.0790551237298	-0.83609817099234	96.0826929973356	-0.498586161163645	
44	111.889174717507	47.547	87.6044386462132	3.44009609607617	87.6719563581672	2.24876469849068	
45	118.955302699667	44.1672	95.0922944187349	-0.415887000355237	95.0932038571444	-0.250582006612413	
46	105.873061732696	39.811	97.2181549083191	0.500522473679921	97.2194433563811	0.294981651744352	
47	122.658374690317	35.8299	91.6729001281601	-1.91634804624719	91.6929277956701	-1.19754764712703	
48	118.955302699667	31.548	95.3508695885312	-1.09418543680015	95.3571474670839	-0.657460767485982	
49	115.412236708612	30	88.4658989212389	-0.496485739610037	88.4672920916679	-0.321550328041804	
50	122.658374690317	27.8677	92.498363533664	-2.83259243912163	92.5417248398366	-1.75402982013412	
51	108.666111725644	25.119	91.1575141592664	0.448763063157678	91.1586187696134	0.282061463012821	
52	126.551443680488	22.6071	93.1121524396674	3.41546912131528	93.1747732021201	2.10073833176273	
53	122.658374690317	19.9055	94.0243179569596	-0.987913535957998	94.0295078176312	-0.601984620118284	
54	118.955302699667	18.9288	95.4303951473552	-2.37792302848182	95.4600169490334	-1.42739392028934	
55	126.551443680488	17.5833	97.312750666884	0.575855674487995	97.3144544870543	0.339048217348834	
56	111.889174717507	15.849	87.226944362218	7.64280977408733	87.5611350087032	5.00745794235041	
57	130.819524669712	14.2641	94.8476656138995	-1.24454686046638	94.8558304443854	-0.751765370678008	
58	126.551443680488	12.5595	92.1624065825071	1.87476113425333	92.1814727393192	1.1653459607521	
59	122.658374690317	11.9433	97.5766565196946	0.782968251030123	97.5797977905498	0.459739194813006	
60	130.819524669712	11.0943	93.1490814969424	-2.29079283599663	93.1772456962614	-1.40877728485976	
61	115.412236708612	10	90.8387265208362	2.6229209856803	90.8765863708821	1.65392629196328	
62	135.107604658886	9	96.9363211352143	-1.1132642524916	96.9427135607688	-0.657983904632943	
63	130.819524669712	7.9245	91.8777718836121	1.35328652224353	91.8877377603146	0.843860251387347	
64	126.551443680488	7.5357	95.716515236528	-2.56155482133819	95.7507851253827	-1.53297742817554	
65	135.107604658886	7	94.3636572610556	3.66205625808421	94.4346889004212	2.22241417411971	
66	118.955302699667	6.3096	95.1792365013545	-2.47280373064764	95.2113534158142	-1.48823795841737	
67	140.060692646381	5.67864	94.4749040238335	2.4555692753921	94.5068109226991	1.4888830760294	
68	135.107604658886	5	97.9493289924783	-1.5347484194346	97.9613520873804	-0.897682635496365	
69	130.819524669712	4.7547	94.205645291864	-0.168001072042689	94.2057950935966	-0.10217797614576	
70	140.060692646381	4.41672	92.8871604714548	-1.66782565044665	92.9021324989372	-1.02865781351349	
71	122.658374690317	3.9811	92.410966961768	1.96572282571478	92.4318715651507	1.21858522578519	
72	145.513795632613	3.58299	88.9337139979871	-0.278531306626023	88.9341501627161	-0.179443941295721	
73	140.060692646381	3.1548	93.6434685145855	1.31642357282682	93.6527210841483	0.805401038297742	
74	135.107604658886	3	93.2974410840544	0.121042969192327	93.2975196038619	0.0743348081437133	
75	145.513795632613	2.78677	90.0057261529915	5.88312673614137	90.1977933240099	3.73975661770543	
76	126.551443680488	2.5119	100.309004002823	2.74688504692808	100.346607623274	1.56860890474794	
77	152.171919615803	2.26071	92.1513248879054	1.56876189542498	92.1646770323687	0.975295301478727	
78	145.513795632613	1.99055	96.9925494165783	0.862323559119147	96.9963826348591	0.509381381330602	
79	140.060692646381	1.89288	93.1176683997666	4.70874097614018	93.2366473538666	2.89484672384963	
80	152.171919615803	1.75833	96.2096128676048	-0.108505050715694	96.2096740534985	-0.0646180630059088	
81	130.819524669712	1.5849	95.9537685679311	-1.42824102667655	95.9643974337273	-0.852766301666004	
82	160.280069595332	1.42641	92.0431681907688	0.574045217145081	92.0449582459869	0.357331700004176	
83	152.171919615803	1.25595	95.5332864504707	0.541013076540989	95.5348183395807	0.324467373977307	
84	145.513795632613	1.19433	88.71735857104	3.01537247726434	88.7685878168574	1.94664986722908	
85	160.280069595332	1.10943	98.2109806265632	-1.26731149975166	98.2191569606895	-0.739301959504938	
86	135.107604658886	1	91.9464025282468	-2.25602985859348	91.9740757420767	-1.40554774713508	
87	171.098268568018	0.9	92.94519542081	-2.51136147237874	92.9791174848284	-1.54774446578138	
88	160.280069595332	0.79245	98.4051939606964	-1.14114332163966	98.4118102999981	-0.664393442625351	
89	152.171919615803	0.75357	90.8894847719398	-2.4918428511227	90.9236367668132	-1.57043824874095	
90	171.098268568018	0.7	92.8875847918159	-0.815567154808385	92.8911651247888	-0.503052751940748	
91	140.060692646381	0.63096	94.9548515482002	-4.11603537340871	95.0440191686773	-2.48206289165172	
92	171.098268568018	0.5	91.8613857602238	-3.54160260523176	91.92963147322	-2.20787473223728	
93	160.280069595332	0.47547	92.3306960532346	1.55716367506286	92.3438259570488	0.966205747239413	
94	145.513795632613	0.39811	81.531988483463	-2.16592028506533	81.5607525513883	-1.52172065421994	
95	171.098268568018	0.3	90.1619526317837	-2.09307491211279	90.1862443223118	-1.32986053416716	
96	152.171919615803	0.25119	101.387643669743	5.75771391178814	101.550999790218	3.25028518791439	
97	160.280069595332	0.15849	91.3758527433847	6.09228864744862	91.5787226682299	3.81442762276816	
98	171.098268568018	0.1	98.8594864013878	-3.16295322030887	98.9100719068591	-1.83252087017174	
10/14/2021
Index	Time (s)	Frequency (Hz)	Z' (Ω)	-Z'' (Ω)	Z (Ω)	-Phase (°)	OCP value (V)
1	253.458901360078	10000	83.2327174663803	9.65834854693223	83.791222413164	6.61901559918148	0.000862884521484378
2	255.641942354566	6309.6	87.6688372036131	10.0501668789468	88.2430216556998	6.53971664177477	
3	258.039985348512	3981.1	90.256520921162	9.78031023525213	90.7848777996089	6.18451162087352	
4	260.353027342672	2511.9	93.9001420021159	7.93274115672315	94.2346276603092	4.8289161651804	
5	272.686256311533	2260.71	90.7308359427064	10.9447542264193	91.3885782575647	6.87828839118203	
6	272.686256311533	1758.33	94.389494734665	10.3624327438465	94.9566044498017	6.26505614968684	
7	262.751073336617	1584.9	95.9421634584556	5.52404555531976	96.1010603915808	3.29527114762019	
8	275.389306304709	1426.41	98.2789664735714	10.8082494372563	98.8714999735077	6.27589479373257	
9	272.686256311533	1255.95	102.77175842432	5.54853300351369	102.921429003478	3.09033521048633	
10	275.389306304709	1109.43	95.4337150623756	5.23138556581143	95.5769918209653	3.13763985959162	
11	265.119118330639	1000	97.5673735740093	3.84036030735908	97.6429247483945	2.25406199777503	
12	278.15735829772	900	99.73603993988	11.2644999358215	100.370148060534	6.44385731969406	
13	275.389306304709	792.45	98.5106673874018	12.2292706939925	99.2668456777903	7.07658453184049	
14	272.686256311533	753.57	99.8146536364055	1.20242813785827	99.8218959646745	0.690186486592027	
15	278.15735829772	700	94.6639577637677	4.51777473381445	94.7717003543035	2.73233001990946	
16	267.642162324268	630.96	98.6148862988181	2.44067089058043	98.6450843890609	1.41775348987136	
17	281.130412290214	567.864	98.1256155764479	6.27521317587545	98.3260633436502	3.65912902044612	
18	278.15735829772	500	102.434305626787	3.31908837768284	102.488064265557	1.85585525965799	
19	275.389306304709	475.47	98.8058109307896	2.91650695630144	98.8488456509084	1.69074097569543	
20	281.130412290214	441.672	95.8687954973724	-0.38150812604965	95.8695545966875	-0.228006307713875	
21	270.175210317873	398.11	97.1422192268349	1.47399283826934	97.1534014391761	0.869313968667833	
22	284.358472282064	358.299	101.082583976582	0.292273188027136	101.08300651939	0.16566625834658	
23	281.130412290214	315.48	94.8718054887101	0.659298810691481	94.8740963151134	0.398162879004593	
24	278.15735829772	300	89.3275314948901	7.9216267405096	89.6780912664099	5.06777199231359	
25	284.358472282064	278.677	101.239146103898	-0.0934354304883223	101.239189220509	-0.0528792913611787	
26	272.686256311533	251.19	99.8679371471605	0.926215186063825	99.8722320998189	0.53136873686817	
27	287.881539273169	226.071	96.8357050667357	1.11208182487803	96.8420905482582	0.65796798855693	
28	284.358472282064	199.055	98.8007623210339	-1.90984218861221	98.8192194484597	-1.10740310234368	
29	281.130412290214	189.288	104.399642568071	-5.58739207025868	104.549052212288	-3.06350525695249	
30	287.881539273169	175.833	104.262776259671	3.94879613488422	104.337526826588	2.16895498378496	
31	275.389306304709	158.49	94.8276563759612	-1.22683620486553	94.8355921625997	-0.741224848547798	
32	291.834611263188	142.641	96.2437651828814	-0.587717902573422	96.2455596321753	-0.349875513931731	
33	287.881539273169	125.595	98.4153275943975	1.70736259268749	98.4301366073191	0.993898619872609	
34	284.358472282064	119.433	99.4671451802146	-0.0245794032546063	99.4671482171322	-0.0141584041466379	
35	291.834611263188	110.943	102.930892856611	-4.77935788718914	103.041792327546	-2.65848750819008	
36	278.15735829772	100	99.986036781632	-1.66688167690933	99.9999302290891	-0.955097749137358	
37	296.20269225216	90	93.2680863146177	1.86940612755969	93.2868190263808	1.14824637008498	
38	291.834611263188	79.245	93.4492908725692	-5.88801093596813	93.6346017098814	-3.60530081858368	
39	287.881539273169	75.357	91.8744628536188	-2.52291058995933	91.9090964077327	-1.57297040429615	
40	296.20269225216	70	98.3372511645281	1.03558900721431	98.3427039041908	0.603359209433048	
41	281.130412290214	63.096	124.257137065233	6.20893872047598	124.412165931161	2.86060305202355	
42	300.790776240576	56.7864	94.8215091866537	9.78324696522697	95.3248683482819	5.89067148619874	
43	296.20269225216	50	95.5393087289354	1.13730311032823	95.5460777361771	0.682018651766886	
44	291.834611263188	47.547	101.412367700078	-3.63879574335439	101.477628849899	-2.05495877145954	
45	300.790776240576	44.1672	99.7870062345472	5.95072521811594	99.9642823406195	3.41275025702534	
46	284.358472282064	39.811	101.338313000556	-4.26075880562505	101.427845029846	-2.40757706127136	
47	304.683850230747	35.8299	96.4161735418195	2.48210351180234	96.4481174429525	1.47467635412332	
48	300.790776240576	31.548	95.6873559748862	1.84731274077184	95.7051861595118	1.10599854827409	
49	296.20269225216	30	96.4686589552205	-2.03494942056619	96.490119596583	-1.20844142985248	
50	304.683850230747	27.8677	97.0305346177355	-0.00377660069254509	97.0305346912315	-0.00223005347061336	
51	287.881539273169	25.119	98.1601379961281	-2.73201605556119	98.1981496930912	-1.59425804567092	
52	308.616922220817	22.6071	96.3054375236826	-1.94136264816267	96.3250029097307	-1.15483430655393	
53	304.683850230747	19.9055	94.484290867738	-3.13011528826974	94.5361245371164	-1.89742472498526	
54	300.790776240576	18.9288	98.8674788113882	2.1250677851404	98.8903143872631	1.23133179310904	
55	308.616922220817	17.5833	97.8863661780119	1.43670622044339	97.8969090845043	0.840886180685044	
56	291.834611263188	15.849	100.367392250603	-4.57743541716928	100.471719116301	-2.61126760294002	
57	312.980002209801	14.2641	96.6464439254607	-2.61730741242763	96.6818774203747	-1.55126270909879	
58	308.616922220817	12.5595	94.9004728355355	0.335885288173324	94.9010672402319	0.202788547610911	
59	304.683850230747	11.9433	99.171071942284	1.84927227284042	99.1883124068595	1.06828751454612	
60	312.980002209801	11.0943	97.5552380789488	2.7807589236637	97.5948620411541	1.63274287875127	
61	296.20269225216	10	94.5964163763787	7.97420193790327	94.9319223854635	4.8184752547493	
62	317.643088198028	9	92.8359012707605	-1.18048926396886	92.8434064414741	-0.728526427023283	
63	312.980002209801	7.9245	94.4603365763243	2.106672724456	94.4838253675222	1.27760977916252	
64	308.616922220817	7.5357	94.4469877788382	-0.977360254227627	94.4520446235155	-0.592889410081869	
65	317.643088198028	7	94.713158126165	1.27598304738105	94.7217528077323	0.771846513073783	
66	300.790776240576	6.3096	95.7483754383045	-1.46122428458487	95.7595247246161	-0.874328001026242	
67	322.701182185258	5.67864	92.35699764475	-2.62576260519893	92.3943160763216	-1.62851331197275	
68	317.643088198028	5	96.223274783827	-2.35721042432999	96.2521430987822	-1.40331122407549	
69	312.980002209801	4.7547	93.2830164186408	3.65992169884353	93.3547865885948	2.24682449364323	
70	322.701182185258	4.41672	96.8458816037674	2.15657240303999	96.8698899975657	1.27565651103413	
71	304.683850230747	3.9811	92.5720153811204	-0.431555670256735	92.5730212968062	-0.267101664663429	
72	329.529308168018	3.58299	106.739149715754	3.09612362581671	106.78404404942	1.6614811939686	
73	322.701182185258	3.1548	94.1668650431679	-1.15680874065713	94.1739702811805	-0.703824265880367	
74	317.643088198028	3	93.4738819228759	0.2442576761879	93.4742010586029	0.149719919803981	
75	329.529308168018	2.78677	105.827230543909	-4.26887344880445	105.913294751488	-2.30995272255629	
76	308.616922220817	2.5119	94.2213140064429	4.2650119337349	94.3177943968985	2.59177541692276	
77	336.282435150968	2.26071	94.0717515515722	0.758481915233509	94.0748092466653	0.461954520743615	
78	329.529308168018	1.99055	105.344477248039	4.53233046230201	105.441931441349	2.46356868274295	
79	322.701182185258	1.89288	95.6772706725923	3.86823975139554	95.7554353659925	2.3152120498337	
80	336.282435150968	1.75833	92.5233735452816	1.17663417311114	92.5308549629639	0.72860008884721	
81	312.980002209801	1.5849	94.9898781783765	2.71936283541906	95.0287950600946	1.63981123858151	
82	344.310585130699	1.42641	101.885350151536	2.08527723014957	101.906687497081	1.17250326570813	
83	336.282435150968	1.25595	93.8926657031031	-2.41716988865494	93.9237743231461	-1.47469505171848	
84	329.529308168018	1.19433	100.49542970941	-0.189875303358506	100.49560908373	-0.108254082820801	
85	344.310585130699	1.10943	91.4016754764443	-9.50294983897877	91.894354209295	-5.93566453723043	
86	317.643088198028	1	92.5563554662848	4.26599892289973	92.6546150173398	2.63894219963807	
87	366.551997074545	0.9	94.3813549895274	-0.731060697343506	94.3841862782235	-0.443793743573816	
88	344.310585130699	0.79245	91.7171042959266	0.258165289871762	91.7174676370143	0.161275724681677	
89	336.282435150968	0.75357	93.4613043036235	1.41976903004687	93.4720875247429	0.870312236944799	
90	366.551997074545	0.7	91.2499141513766	2.30517711703826	91.2790264747303	1.44711187406461	
91	322.701182185258	0.63096	83.6557231862733	1.28339758398976	83.6655671777642	0.878929666788741	
92	366.551997074545	0.5	93.7056973954235	-1.04316794981697	93.7115036894308	-0.637812359654779	
93	344.310585130699	0.47547	98.5431273888241	7.82849831454176	98.8535954906588	4.54217245380851	
94	329.529308168018	0.39811	90.331333134191	16.1808711846006	91.7691142928427	10.1555725068658	
95	366.551997074545	0.3	96.3428292503105	-0.654030545965379	96.3450491925223	-0.388950735787844	
96	336.282435150968	0.25119	103.587694941277	5.74515592085667	103.746890844025	3.17447256309019	
97	344.310585130699	0.15849	98.2521364921109	-14.8953410453567	99.3748132582994	-8.6205812781546	
98	366.551997074545	0.1	88.8289146169302	0.139178991914479	88.8290236511336	0.0897721461810572	
10/14/2021
Index	Time (s)	Frequency (Hz)	Z' (Ω)	-Z'' (Ω)	Z (Ω)	-Phase (°)	OCP value (V)
1	448.656624867251	10000	82.8742346952907	7.85850280429476	83.2459899493978	5.41684339353527	0.000888061523437497
2	450.929662861512	6309.6	86.1287757959765	7.65056389323805	86.4678966322074	5.07609172958739	
3	453.407709855256	3981.1	87.8183517908264	7.47184631526187	88.1356420446135	4.86318269732374	
4	455.725752849403	2511.9	89.9994842715421	6.3007193592607	90.2197663130853	4.0046515389867	
5	468.023982818353	2260.71	89.0401363530254	9.02560429143681	89.4964100653818	5.78804942277923	
6	468.023982818353	1758.33	90.2787254759648	8.12424209049957	90.6435413204365	5.14223371529081	
7	458.038797843563	1584.9	91.7542389576591	4.6819829513477	91.8736160769561	2.92112276410997	
8	470.722031811541	1426.41	88.2959864258388	3.36713751627489	88.3601654251813	2.1838968970088	
9	468.023982818353	1255.95	93.5131654119732	9.36120668691141	93.9805527542913	5.71659279752494	
10	470.722031811541	1109.43	91.5162414125935	5.43062490434406	91.6772279747799	3.39598121734782	
11	460.506840837332	1000	93.0294363546837	3.356729153018	93.0899761471495	2.06647508712377	
12	473.49508180454	900	95.2417938914308	-1.73354098691093	95.2575690851445	-1.04275246980213	
13	470.722031811541	792.45	98.9547826336131	7.21371094422822	99.2173706144872	4.16943324830491	
14	468.023982818353	753.57	96.87210142017	0.41625136201029	96.8729957147815	0.246193683530968	
15	473.49508180454	700	96.754616469035	5.51637410394218	96.9117443415643	3.26313270595255	
16	463.08988883081	630.96	92.6062640186866	1.60229534559483	92.6201246267419	0.991246135867132	
17	476.548137796832	567.864	90.6270336981652	-3.94614154664268	90.7129057523488	-2.49323538947154	
18	473.49508180454	500	97.4807350578073	5.00265342251655	97.6090172508474	2.93780809791206	
19	470.722031811541	475.47	96.3288693302186	3.58495719477825	96.3955547965087	2.13132540974318	
20	476.548137796832	441.672	99.863920161516	2.17849421598313	99.8876788551757	1.2496878778337	
21	465.527936824655	398.11	93.4181061224921	0.039537149886769	93.4181144891044	0.0242491716141415	
22	479.781197788669	358.299	97.1320136371496	0.700713900352785	97.1345410921242	0.413326679748413	
23	476.548137796832	315.48	93.7814013992912	-5.01148604774561	93.9152077185677	-3.05885970070449	
24	473.49508180454	300	82.9074286747336	-5.51836909795028	83.0908787229817	-3.80802512936675	
25	479.781197788669	278.677	100.529686628456	-1.82540754126969	100.546258042292	-1.04025645786509	
26	468.023982818353	251.19	94.1171953631907	-2.5174409053056	94.1508575199648	-1.53217862697162	
27	482.914258780759	226.071	94.3301721001161	0.399253169315316	94.3310170173667	0.242503373553652	
28	479.781197788669	199.055	95.2235031229816	1.44780988444172	95.2345089790144	0.871077012725856	
29	476.548137796832	189.288	81.8313164064435	-1.76317477873228	81.8503092853767	-1.23432994769762	
30	482.914258780759	175.833	101.083175737682	8.82736166229078	101.467880292889	4.99084763120642	
31	470.722031811541	158.49	93.3021594577496	-2.31538505039489	93.3308843170948	-1.4215594757377	
32	486.112314772684	142.641	95.9118216992821	1.85701558731055	95.9297975009141	1.1092049058831	
33	482.914258780759	125.595	88.2536658664501	3.55442911746764	88.3252144362985	2.30634928668426	
34	479.781197788669	119.433	90.9916792620769	3.92160727872736	91.0761478027109	2.46783642639441	
35	486.112314772684	110.943	93.1552356301847	2.27615575074491	93.1830392846085	1.39968701846978	
36	473.49508180454	100	96.3601676650973	1.51297574409111	96.3720447435244	0.899541835100613	
37	489.61538076384	90	89.962346882485	3.66797966530628	90.0370919756388	2.33479251936442	
38	486.112314772684	79.245	88.7484853412726	-0.378509178840992	88.7492925017915	-0.244363009438953	
39	482.914258780759	75.357	91.9566911568841	2.51634387073416	91.9911138914969	1.56747606969653	
40	489.61538076384	70	88.723259103528	-0.586670873566748	88.7251987242951	-0.378855279531425	
41	476.548137796832	63.096	109.925388454443	14.7739438583402	110.913752276215	7.6546684208381	
42	494.173463752332	56.7864	101.046552326297	-5.12335149765263	101.176353302535	-2.90257559846206	
43	489.61538076384	50	96.2381616164092	-0.230430469780268	96.2384374847571	-0.137187451811496	
44	486.112314772684	47.547	88.6434869956082	3.51597420647937	88.7131887678557	2.27140137829329	
45	494.173463752332	44.1672	95.9488932409632	1.68056900990709	95.9636099068955	1.00344739072015	
46	479.781197788669	39.811	89.2224438508617	-0.634065721464321	89.2246968392681	-0.407169728160304	
47	499.016554740104	35.8299	93.4805663015967	0.683781391273291	93.4830670927001	0.419093408075051	
48	494.173463752332	31.548	89.8186232699355	-1.55276718899316	89.8320442383998	-0.990419822813489	
49	489.61538076384	30	94.2846645572365	-1.14501894825233	94.2916170137222	-0.695781531239962	
50	499.016554740104	27.8677	94.150379005566	-0.000980316999886357	94.1503790106697	-0.000596577807435748	
51	482.914258780759	25.119	92.7237553925779	0.351372907788798	92.7244211468745	0.21711899179511	
52	504.079650727321	22.6071	88.4084824000181	-2.049630630676	88.4322381600541	-1.32808694998636	
53	499.016554740104	19.9055	95.1880534182824	1.06577115017989	95.1940196740653	0.64148425289286	
54	494.173463752332	18.9288	90.3760347944104	-2.82816322859236	90.4202752285572	-1.79238836907147	
55	504.079650727321	17.5833	91.3300450719333	0.595266384146106	91.3319849500134	0.373434268278641	
56	486.112314772684	15.849	91.2701396337905	-0.0545023665161307	91.2701559069534	-0.0342144234269224	
57	509.362747713983	14.2641	91.7083460408774	1.15397859873587	91.7156060883842	0.72092254338314	
58	504.079650727321	12.5595	89.8777835327165	1.01139881297954	89.8834740111482	0.644724816901618	
59	499.016554740104	11.9433	91.9862976108854	-1.10345633915206	91.9929158362251	-0.687280175159259	
60	509.362747713983	11.0943	89.8953026130243	2.03637640878421	89.9183644244348	1.29768540942165	
61	489.61538076384	10	85.8101545544084	-0.213691449842756	85.8104206299398	-0.142682331107362	
62	513.820828702727	9	92.7661659182338	0.374662989869441	92.7669225075687	0.23140431781488	
63	509.362747713983	7.9245	94.0785476159652	-1.32575807577094	94.0878884660768	-0.80736062275016	
64	504.079650727321	7.5357	95.2999929096483	-3.52666688704911	95.3652244159852	-2.11931774724236	
65	513.820828702727	7	93.2305071682795	-1.69631440342788	93.245937978069	-1.04237267340446	
66	494.173463752332	6.3096	87.6476569063925	-3.6782558864888	87.7248045170075	-2.40308702337348	
67	518.878921689957	5.67864	89.824070315653	1.52216330523095	89.8369667186018	0.970844295076915	
68	513.820828702727	5	93.4543810548528	3.30931298157747	93.5129557374574	2.02805338167466	
69	509.362747713983	4.7547	93.9728352969317	5.87732094450966	94.1564478685821	3.57877508246404	
70	518.878921689957	4.41672	90.0504936214238	0.482919014962191	90.0517885010458	0.307260460746142	
71	499.016554740104	3.9811	86.9867508005733	-4.33220286979434	87.0945623821952	-2.85114712476666	
72	524.567029675596	3.58299	89.6489322051129	-1.86622943925255	89.6683548295432	-1.19255886495665	
73	518.878921689957	3.1548	93.093811232848	-2.4409489854535	93.1258069592244	-1.50196920351662	
74	513.820828702727	3	90.9891221538606	-0.844877313940715	90.9930446133427	-0.532003298603559	
75	524.567029675596	2.78677	89.5304758690635	-1.61228975190222	89.5449919737841	-1.03168684455239	
76	504.079650727321	2.5119	91.1765110981834	-1.39958885499224	91.1872525356487	-0.879439626204661	
77	531.000146659354	2.26071	92.7962793523004	0.196686327933918	92.796487795292	0.121441071576411	
78	524.567029675596	1.99055	90.7392048282675	-1.95439079143536	90.7602497585365	-1.23387716450596	
79	518.878921689957	1.89288	93.4051061902714	-0.936237402513881	93.4097982167275	-0.574279690053301	
80	531.000146659354	1.75833	88.3191219955327	0.876997150698839	88.3234761208147	0.568920781961472	
81	509.362747713983	1.5849	92.48905462705	-4.8374611768624	92.6154752535616	-2.99401680131551	
82	538.958293639261	1.42641	92.1336557434902	-2.79384071820825	92.1760059159577	-1.73689237427736	
83	531.000146659354	1.25595	91.8931001028942	2.29865626362584	91.9218454293583	1.43292415514113	
84	524.567029675596	1.19433	94.9545918617466	-0.1283755235455	94.9546786414757	-0.0774619854217155	
85	538.958293639261	1.10943	95.8893946976733	0.98661942783822	95.8944702961623	0.589503507248224	
86	513.820828702727	1	105.429973533148	1.38331926528695	105.439048228776	0.751719887849757	
87	549.761495611986	0.9	88.7058806955621	0.621225476977841	88.7080559536085	0.401247536242922	
88	538.958293639261	0.79245	92.3891090855809	-5.07887274107879	92.5286032854027	-3.14653290784616	
89	531.000146659354	0.75357	89.6265293934936	-0.245208304560062	89.6268648243115	-0.156754545717547	
90	549.761495611986	0.7	88.2733388955003	3.61422731922128	88.3472976319867	2.34458530397966	
91	518.878921689957	0.63096	90.8767892966511	1.81127742937273	90.8948379105991	1.14181865683169	
92	549.761495611986	0.5	89.2175886429513	-1.57002042572285	89.2314019132282	-1.00816735243065	
93	538.958293639261	0.47547	91.5210286595565	-5.34839621375937	91.6771728892352	-3.34450349303511	
94	524.567029675596	0.39811	91.0386371608181	6.79208652259851	91.2916529340419	4.26674067939161	
95	549.761495611986	0.3	89.2078611861687	-1.15577485166386	89.2153479672555	-0.742281177164642	
96	531.000146659354	0.25119	91.3842525715447	-2.27833468232582	91.412649162928	-1.4281664675973	
97	538.958293639261	0.15849	88.8386470351375	-2.94897353653428	88.8875787270242	-1.90121894477031	
98	549.761495611986	0.1	94.2212598960456	-4.91579669029668	94.3494084427587	-2.98657929890968	
10/14/2021
Index	Time (s)	Frequency (Hz)	Z' (Ω)	-Z'' (Ω)	Z (Ω)	-Phase (°)	OCP value (V)
1	632.179135403901	10000	83.5952213414614	8.24900995082159	84.001233302236	5.63558876772266	0.000874915489783649
2	641.304300380862	6309.6	88.3352582948662	9.76586514658991	88.8734492415035	6.30869037446097	
3	643.547340375199	3981.1	90.3197015331401	8.25255056114877	90.6959374823361	5.22064431020793	
4	645.975385369069	2511.9	93.5192581366429	6.94065183903671	93.7764591482253	4.24449828944909	
5	658.333613337867	2260.71	94.1346226326564	7.44877993432753	94.4288700594403	4.52433140805998	
6	658.333613337867	1758.33	90.9052854138633	4.63914909993573	91.0235827714301	2.92142832582121	
7	648.358427363052	1584.9	95.1551214456399	4.84376635941007	95.2783249741463	2.91406313055428	
8	661.15666533074	1426.41	91.5471925227585	4.600018219219	91.6626893911375	2.87655080714665	
9	658.333613337867	1255.95	96.0557400629735	1.88447250770759	96.0742235757221	1.12391484418548	
10	661.15666533074	1109.43	94.9187600735316	3.79074819654586	94.9944250247681	2.28699271137733	
11	650.736472357048	1000	95.3034055945237	2.63998904564661	95.3399636043324	1.58673824751969	
12	663.959717323663	900	105.045703401818	5.15270722143281	105.172002904254	2.80822466016684	
13	661.15666533074	792.45	90.8970664332244	4.14495650061112	90.9915235093795	2.61091051784555	
14	658.333613337867	753.57	93.7140537548134	4.59523728180964	93.8266490760284	2.80723092522292	
15	663.959717323663	700	95.8982111017099	2.51018444102428	95.9310581534263	1.49940378446271	
16	653.324519350514	630.96	96.6233466569044	1.52181093943532	96.6353301216264	0.902329906802576	
17	667.092776315753	567.864	95.318080590686	0.989697806268959	95.323218521199	0.59488681776583	
18	663.959717323663	500	96.9831062311527	1.96500993492241	97.0030110784577	1.16073177752066	
19	661.15666533074	475.47	93.9103195766868	0.417529512258508	93.9112477496122	0.2547379388678	
20	667.092776315753	441.672	98.5882137430596	-5.63823615959505	98.7493068129523	-3.27316643400777	
21	655.807568344245	398.11	96.4599804335155	-0.479465201447119	96.4611720440592	-0.284792782473649	
22	670.355837307514	358.299	96.9738415334025	1.35866799146042	96.9833589872844	0.802699442991136	
23	667.092776315753	315.48	95.3677384205754	-0.621873110073577	95.3697659513765	-0.373608519909147	
24	663.959717323663	300	89.1750098682915	-5.88825482553603	89.3692001189467	-3.77777490319134	
25	670.355837307514	278.677	95.3332937230994	-1.78416066709273	95.3499875269039	-1.07216419304388	
26	658.333613337867	251.19	92.3936497313293	-2.47120016251708	92.4266917125069	-1.53209221142464	
27	673.878900298619	226.071	95.9659647820691	2.79972322328083	96.0067958359215	1.67108034110765	
28	670.355837307514	199.055	98.0023929957698	-2.91917132309201	98.0458596479773	-1.70614973468331	
29	667.092776315753	189.288	88.3754560635497	0.218674318013543	88.3757266046383	0.141771148893686	
30	673.878900298619	175.833	110.372538620405	8.18168517421187	110.675368776448	4.2394623010067	
31	661.15666533074	158.49	90.8334413982873	-11.2451253854203	91.526864478086	-7.05727525570581	
32	677.911977288437	142.641	99.1515457292756	-3.69302123235301	99.2202974513141	-2.13306573293855	
33	673.878900298619	125.595	96.3235366232133	-7.41263024033388	96.6083370868344	-4.40055468138037	
34	670.355837307514	119.433	96.0468166597136	-1.87350227075059	96.0650873170016	-1.11747755391484	
35	677.911977288437	110.943	94.5286641516009	-4.22056673254793	94.6228383099453	-2.55647496807001	
36	663.959717323663	100	89.5282770229033	8.99304407416609	89.9788154423562	5.73607461325566	
37	682.31505727732	90	90.2743533499422	-3.37500294294302	90.3374203617476	-2.14106663684331	
38	677.911977288437	79.245	92.1251041672792	1.92048187754405	92.1451196128912	1.19424093806781	
39	673.878900298619	75.357	100.528564184734	5.65702651968039	100.687606814784	3.22079867140233	
40	682.31505727732	70	91.5021089009793	-7.01899102974288	91.7709222379414	-4.38648406170467	
41	667.092776315753	63.096	111.043945325183	-16.2355276940079	112.224552362151	-8.31817097094718	
42	686.903144265736	56.7864	100.927911277517	-3.91524918094158	101.003823942419	-2.22153441392717	
43	682.31505727732	50	91.7112369170056	2.59163674060887	91.7478477014169	1.61867122904704	
44	677.911977288437	47.547	82.2555454371079	-9.77247669379506	82.834027162072	-6.77534062618895	
45	686.903144265736	44.1672	93.0659488915776	1.57354651962709	93.0792505972151	0.968657018989	
46	670.355837307514	39.811	91.7211645509572	-3.93055600948952	91.805344600015	-2.45381278946168	
47	691.691231253648	35.8299	92.2984675330202	3.78316555132055	92.3759679274468	2.34714788390162	
48	686.903144265736	31.548	95.7140698902065	1.64706355438099	95.7282403123524	0.985857952348453	
49	682.31505727732	30	94.729887651278	0.489925817747932	94.7311545465939	0.296320750039492	
50	691.691231253648	27.8677	95.5206272058377	3.46182062601697	95.583337584766	2.07558247145931	
51	673.878900298619	25.119	98.5194013406372	-0.447853281166044	98.5204192697077	-0.260455562585562	
52	695.769308243351	22.6071	91.1589835861761	-0.769454962902561	91.1622309369656	-0.483610865295166	
53	691.691231253648	19.9055	94.6575923162532	2.32128490525281	94.6860504336375	1.40478088992792	
54	686.903144265736	18.9288	90.6597117704864	-0.69809637146441	90.6623994655531	-0.441179267994851	
55	695.769308243351	17.5833	98.5797403355286	1.25633472620281	98.5877455953046	0.730157946213682	
56	677.911977288437	15.849	96.8329290645444	0.659101347256339	96.8351721525037	0.389982443553248	
57	700.017384232626	14.2641	96.0296847478884	2.91582492539966	96.07394229329	1.73918251026599	
58	695.769308243351	12.5595	92.8520075525792	-3.65124061769426	92.9237691045328	-2.25189473756788	
59	691.691231253648	11.9433	95.19748466293	3.65388498555618	95.2675808532812	2.19805675352425	
60	700.017384232626	11.0943	95.4885491769033	0.807118393436695	95.4919602061394	0.484281902330063	
61	682.31505727732	10	87.424817736332	8.72836410920667	87.8594508078315	5.70143227598932	
62	704.600469221055	9	95.621435496356	1.08764695982537	95.6276210218208	0.651683304530752	
63	700.017384232626	7.9245	93.1902626849535	0.364123260557911	93.1909740534969	0.223871242353876	
64	695.769308243351	7.5357	91.3892639924251	-0.242835922071918	91.3895866188387	-0.152243711086429	
65	704.600469221055	7	92.6413356081734	-1.87171093157276	92.6602415552517	-1.15743742188612	
66	686.903144265736	6.3096	94.1612788511147	1.03231142657657	94.1669374130794	0.628121443367665	
67	709.488559208714	5.67864	90.6474094702314	1.96831850422119	90.668776992953	1.24392549208078	
68	704.600469221055	5	94.1534497826779	-0.564085760844653	94.1551395236864	-0.343262480254605	
69	700.017384232626	4.7547	90.5825595949161	3.23889545246015	90.6404465264735	2.04781157141845	
70	709.488559208714	4.41672	94.9876160599804	-4.46116679712411	95.0923194267024	-2.68896463452335	
71	691.691231253648	3.9811	90.2944517466807	-1.31118783670728	90.3039712846384	-0.831947566212527	
72	714.896661195059	3.58299	94.5780841689921	-3.85889885062418	94.6567752747594	-2.33644032510993	
73	709.488559208714	3.1548	95.7323386578695	3.47023789765792	95.7952149951727	2.07602747546072	
74	704.600469221055	3	95.5653424642802	1.65544733018081	95.5796797764993	0.992416885664175	
75	714.896661195059	2.78677	94.1268406252253	5.24681280858833	94.2729609736266	3.19047625765093	
76	695.769308243351	2.5119	96.3209974622921	0.137858267014926	96.3210961162333	0.0820038380593042	
77	720.964774179739	2.26071	92.9347273935354	4.5855693580912	93.0477888079486	2.82478757460236	
78	714.896661195059	1.99055	96.0599895378504	-1.68504888958353	96.0747676540111	-1.00495835190117	
79	709.488559208714	1.89288	91.0984201481023	3.75466686865659	91.1757625511011	2.36013836056581	
80	720.964774179739	1.75833	94.4066575476437	-0.652416220478893	94.408911847573	-0.395947720575893	
81	700.017384232626	1.5849	95.5868569389386	-1.12431908527917	95.593468986488	-0.673897750376478	
82	728.902919159697	1.42641	91.1131733352681	2.79020083694163	91.1558861288347	1.75404697311889	
83	720.964774179739	1.25595	92.6727116699175	-0.869387330266399	92.6767895569634	-0.537491162955679	
84	714.896661195059	1.19433	100.662971315403	-1.44715812937249	100.673373146513	-0.823642899083145	
85	728.902919159697	1.10943	91.8903027839049	-1.3321064044736	91.899957851952	-0.830541706659584	
86	704.600469221055	1	91.0502353163754	-0.423894939959533	91.0512220570787	-0.266745225424809	
87	751.369339102975	0.9	92.950066307429	-3.20416071275571	93.0052765837972	-1.9743097162547	
88	728.902919159697	0.79245	86.9559779774475	0.0783341600562995	86.9560132610446	0.0516148015722206	
89	720.964774179739	0.75357	94.1036150265257	2.79103100033342	94.1449956986848	1.69884473860182	
90	751.369339102975	0.7	93.4453681831375	0.784101280200601	93.4486578271712	0.480758336039695	
91	709.488559208714	0.63096	92.1373384968996	-3.37117657580794	92.1989911918647	-2.09543783874076	
92	751.369339102975	0.5	91.3497410958249	1.77875212632399	91.3670572876305	1.11551615621549	
93	728.902919159697	0.47547	90.9136308265269	-2.07961413696025	90.9374129004156	-1.31039027147092	
94	714.896661195059	0.39811	104.811185563086	8.38677340432024	105.146196256807	4.57494165568294	
95	751.369339102975	0.3	86.9887057764039	6.47642769772997	87.2294620433812	4.25789329027281	
96	720.964774179739	0.25119	101.735862885061	2.76442801803918	101.773414304694	1.55649235702105	
97	728.902919159697	0.15849	85.4081508775754	7.53739531596782	85.7400989297064	5.0433710179935	
98	751.369339102975	0.1	97.7942002786903	-5.13564283855787	97.9289560626162	-3.00611498809077	
10/14/2021
Index	Time (s)	Frequency (Hz)	Z' (Ω)	-Z'' (Ω)	Z (Ω)	-Phase (°)	OCP value (V)
1	837.976055884314	10000	84.5646422810844	9.66843691084948	85.1155531993233	6.52241432576154	0.000854873657226562
2	840.109095878928	6309.6	89.165035031972	7.97231308706827	89.5207308292947	5.10927280769737	
3	842.507138872874	3981.1	91.5720526248965	8.60970049403532	91.9759086094495	5.37121934308017	
4	844.830181867009	2511.9	93.9830895698659	7.25496539089895	94.2626948899753	4.41415754792449	
5	857.078410836085	2260.71	95.5254550609343	8.59064000245333	95.9109569353279	5.13880737171857	
6	857.078410836085	1758.33	93.0046065462147	7.37031468040584	93.2961862956059	4.53103625795227	
7	847.253228860891	1584.9	96.4408144422656	5.373686639795	96.5904094534764	3.18922565712723	
8	859.856458829071	1426.41	93.7773937855723	5.45312159402107	93.9358085095001	3.32798121372903	
9	857.078410836085	1255.95	98.6171158280993	2.9690572272543	98.6618002829436	1.72447831210536	
10	859.856458829071	1109.43	100.620153650803	6.62839807793531	100.838241663522	3.76893978828021	
11	849.576271855026	1000	97.1550554138734	3.09481163508609	97.2043345305623	1.82450316558487	
12	862.649513822019	900	93.0634852199993	-0.34186161791549	93.0641131191763	-0.21047073118802	
13	859.856458829071	792.45	97.9942216652566	1.35099605461755	98.0035339675006	0.78985747500485	
14	857.078410836085	753.57	99.4091816814538	3.07904717384279	99.4568546359427	1.77408185124613	
15	862.649513822019	700	96.2693710297192	4.9528412191989	96.3966930687995	2.94514152133368	
16	852.134318848568	630.96	97.3046330426867	1.29178322761528	97.3132073023959	0.760594608871005	
17	865.667567814399	567.864	96.8144986043107	0.0708094413209071	96.8145244990702	0.0419057214821012	
18	862.649513822019	500	97.9738017018509	2.797282325583	98.013726632154	1.6354264063124	
19	859.856458829071	475.47	100.482364173679	-1.45306128346676	100.492869881526	-0.828488432270778	
20	865.667567814399	441.672	96.228901081249	0.677617946881118	96.2312868530123	0.403454745323674	
21	854.602363842336	398.11	97.7973493651705	0.433552368852187	97.7983103663338	0.254000321733597	
22	868.955629806098	358.299	98.4887276447602	2.60894279803484	98.5232767198045	1.51739661517099	
23	865.667567814399	315.48	97.8272342213234	3.63899032062823	97.894892644853	2.13031372931535	
24	862.649513822019	300	104.839508168539	8.64294162794965	105.195165825267	4.71279182367335	
25	868.955629806098	278.677	101.702880894443	0.681827945295336	101.705166395696	0.384111816869683	
26	857.078410836085	251.19	95.1188407630909	-4.60923047397465	95.2304513991006	-2.77424572627354	
27	872.563694796988	226.071	96.9410875837229	-2.14449808367409	96.9648046145916	-1.26727123988183	
28	868.955629806098	199.055	99.0953897511128	0.52618974914829	99.0967867570744	0.30423381532476	
29	865.667567814399	189.288	93.3880905503782	1.3771074930166	93.3982434614964	0.844826449955965	
30	872.563694796988	175.833	104.070553035385	-19.5393328482324	105.888930192183	-10.633538129831	
31	859.856458829071	158.49	95.4322536232999	-12.7958980850876	96.2862920639578	-7.63687425564113	
32	876.566770786882	142.641	92.730727346044	-2.0345284176521	92.753043615876	-1.25687779984568	
33	872.563694796988	125.595	95.8223275389786	2.95233657059986	95.8677982756118	1.76475497844731	
34	868.955629806098	119.433	94.418579330463	1.05349312556406	94.4244564217796	0.639261950421558	
35	876.566770786882	110.943	90.2867341451566	-2.61989140498673	90.3247374398183	-1.66211140348444	
36	862.649513822019	100	95.2118913944939	-0.83829537801979	95.2155817188432	-0.504449028270756	
37	880.934850775853	90	89.5051126263995	-2.83610140569451	89.5500343799366	-1.81489397435726	
38	876.566770786882	79.245	95.7528165063279	11.9622756143053	96.4971393709011	7.12099440182574	
39	872.563694796988	75.357	90.3341478988727	-3.83211490217401	90.415393497119	-2.42911954525428	
40	880.934850775853	70	95.1794779814946	-4.80542553592603	95.3007090393936	-2.8902975917226	
41	865.667567814399	63.096	85.4807653514499	-16.939485924392	87.1430285705765	-11.2089254745548	
42	885.562936764169	56.7864	82.6197615630161	-3.22451564299985	82.6826614343152	-2.2350272410729	
43	880.934850775853	50	91.0119913313111	-2.33101275210879	91.0418375613165	-1.46714733419503	
44	876.566770786882	47.547	93.6577271322678	-5.45373314278855	93.8163794695525	-3.33259666098885	
45	885.562936764169	44.1672	98.717505336664	-2.78496617213394	98.756781521444	-1.61596968053181	
46	868.955629806098	39.811	96.2252717231811	-2.8410620901447	96.2672039274025	-1.69117310309011	
47	890.5410277516	35.8299	93.1753200141751	-1.05719376205206	93.181317432168	-0.650066364602001	
48	885.562936764169	31.548	92.8899564201471	0.73190189063419	92.8928397892665	0.451437627852918	
49	880.934850775853	30	93.0998002285889	-5.49607849694694	93.2618876146509	-3.37849327322085	
50	890.5410277516	27.8677	90.3627545650673	2.18117630109074	90.3890753500833	1.38273710349678	
51	872.563694796988	25.119	92.7752721606212	-4.67066350351815	92.8927673290038	-2.88205636881864	
52	895.679122738628	22.6071	95.0517059153606	-3.68982255191207	95.1232967673261	-2.22305491248831	
53	890.5410277516	19.9055	96.1518746099246	-3.64123588545574	96.2207960358684	-2.16873361576765	
54	885.562936764169	18.9288	93.7752173364402	4.8011190571066	93.8980411440894	2.93087970697946	
55	895.679122738628	17.5833	97.6188464478645	0.441957185153303	97.6198468958298	0.259397742822674	
56	876.566770786882	15.849	98.4106816529927	5.17351828378321	98.5465755612001	3.00930894174637	
57	901.012221725163	14.2641	95.4760794107394	-0.971127208503822	95.4810181538766	-0.58275928412665	
58	895.679122738628	12.5595	96.3041876233141	0.0705594272409903	96.3042134717856	0.0419790329179265	
59	890.5410277516	11.9433	92.5898736123799	1.75084767515751	92.6064261438594	1.08331747397022	
60	901.012221725163	11.0943	94.2858327485805	-0.427196748764829	94.2868005298486	-0.259597889981454	
61	880.934850775853	10	91.0878610340379	2.69841978070479	91.127821750929	1.69685464864814	
62	906.770328710625	9	96.4492928654433	0.242425379211778	96.4495975331599	0.144012687002244	
63	901.012221725163	7.9245	96.1212071729712	-1.18439482727894	96.1285038867043	-0.705956497804624	
64	895.679122738628	7.5357	95.9655666770649	-1.21073309123348	95.9732038762299	-0.722824013051757	
65	906.770328710625	7	97.0171879317279	0.495804958929406	97.0184548255512	0.292806717146478	
66	885.562936764169	6.3096	93.2219885847375	5.64182707668414	93.3925552089466	3.46333616583405	
67	913.033446694812	5.67864	95.0086613310278	-1.17912155866189	95.0159778961625	-0.711042758062932	
68	906.770328710625	5	94.2260980029079	-2.86213664862505	94.2695569685623	-1.73983585185938	
69	901.012221725163	4.7547	96.7585949601821	-0.329389555817573	96.7591556192387	-0.195047876297129	
70	913.033446694812	4.41672	92.4466492546615	1.38567773248068	92.4570335950311	0.858738975832734	
71	890.5410277516	3.9811	92.1517652100423	1.73770652980481	92.1681477263728	1.0802989107889	
72	924.344656666254	3.58299	91.3156831267318	0.107551483375293	91.3157464637029	0.0674828574603524	
73	913.033446694812	3.1548	94.0446042089949	-0.520532888284779	94.0460447616713	-0.317126466629566	
74	906.770328710625	3	98.9954917829988	3.26312077061155	99.0492571931834	1.88791808861502	
75	924.344656666254	2.78677	95.3873704738019	3.09391724229276	95.437533338873	1.85775405601925	
76	895.679122738628	2.5119	95.4836655184034	0.243174675422704	95.483975172555	0.145918701252778	
77	932.252802646288	2.26071	91.7258626088756	-0.103490328843123	91.725920990691	-0.064644325803515	
78	924.344656666254	1.99055	95.2248565623998	-1.03149990983594	95.2304431334518	-0.620618209585172	
79	913.033446694812	1.89288	91.8181780474298	-3.0248182877384	91.8679886882442	-1.88684495663655	
80	932.252802646288	1.75833	91.7354862910096	2.05897571290313	91.7585899305037	1.28577085502626	
81	901.012221725163	1.5849	92.4611872892236	0.563233933401641	92.462902763198	0.349017020608793	
82	941.870980622004	1.42641	93.5926018737864	-0.641770233779845	93.5948021769267	-0.392874530482351	
83	932.252802646288	1.25595	90.147640495778	-1.54189412757531	90.1608258860615	-0.979897110691848	
84	924.344656666254	1.19433	92.8227665455197	1.07429942015985	92.8289831270827	0.66309243834389	
85	941.870980622004	1.10943	95.5115220896885	0.660611951671741	95.5138066461585	0.396283844544077	
86	906.770328710625	1	96.8199727505957	3.37051304127288	96.8786224178868	1.99378507960327	
87	966.027430561015	0.9	96.1525897775603	0.462967752947123	96.1537043491933	0.275872895043539	
88	941.870980622004	0.79245	91.4992561556037	-1.39877137015538	91.5099472099878	-0.875826286106917	
89	932.252802646288	0.75357	91.2222186592317	0.906151989965312	91.2267191591455	0.569126445500399	
90	966.027430561015	0.7	92.3453113815436	-0.0435903221393817	92.3453216696462	-0.0270456752307004	
91	913.033446694812	0.63096	89.4317744097188	0.0882855523295298	89.4318179867187	0.0565614171324009	
92	966.027430561015	0.5	89.2420940412132	-5.77058064288402	89.4284683409974	-3.69971439920924	
93	941.870980622004	0.47547	89.809415970904	1.60684869391776	89.823789497883	1.02501308464503	
94	924.344656666254	0.39811	100.392141915749	5.31321119574239	100.532643313714	3.02952816793544	
95	966.027430561015	0.3	93.7100642915085	-5.19709283714028	93.8540671653419	-3.17433096745524	
96	932.252802646288	0.25119	84.4021463534794	-2.05399142307451	84.4271353880979	-1.3940618910414	
97	941.870980622004	0.15849	90.7802959435613	3.30307138008949	90.8403677455268	2.08380681471675	
98	966.027430561015	0.1	83.319813133227	-6.33192893596417	83.5600657288275	-4.3458666894069	
10/14/2021
Index	Time (s)	Frequency (Hz)	Z' (Ω)	-Z'' (Ω)	Z (Ω)	-Phase (°)	OCP value (V)
1	1056.53021833252	10000	84.3795653321635	10.2846758778163	85.0040328664269	6.94926748615582	0.000833511352539068
2	1058.82826032672	6309.6	87.7921785963153	10.0398483346868	88.3643886261362	6.52396109082382	
3	1061.26130332057	3981.1	91.5523536503225	8.10166975761184	91.9101219223167	5.0570570019524	
4	1063.57934631472	2511.9	93.2081380422104	6.85044548468797	93.4595399123837	4.2034652711281	
5	1076.00257828335	2260.71	94.6839603110681	9.67821304933014	95.1773089975554	5.83627412461587	
6	1076.00257828335	1758.33	92.2719842151492	5.27010328626861	92.4223623353607	3.26889015349401	
7	1065.99739430862	1584.9	96.296025201946	4.62070525082442	96.4068223037603	2.74719538640599	
8	1078.65062527667	1426.41	96.0991170358434	6.7484500228816	96.3357767020127	4.01693588796194	
9	1076.00257828335	1255.95	91.3952775032871	5.224621509736	91.5444887463077	3.27175902772434	
10	1078.65062527667	1109.43	96.8082099225686	5.24387526412871	96.9501301504946	3.10054882490082	
11	1068.39043730257	1000	97.5322328430158	2.75943725528415	97.5712608164418	1.62061236956698	
12	1081.55868226933	900	105.726766963115	1.74946053988721	105.741240132001	0.947986601382227	
13	1078.65062527667	792.45	100.482967800037	9.45614814316165	100.926931765554	5.37609933491858	
14	1076.00257828335	753.57	97.8904322628357	3.65802971018252	97.9587561679169	2.14006805990106	
15	1081.55868226933	700	97.135442674227	0.143403030437727	97.1355485285751	0.0845868636411735	
16	1070.97848329604	630.96	97.8546432577558	1.66213523516891	97.8687585526793	0.973118633836179	
17	1084.32673026234	567.864	101.749120726302	0.111246838208478	101.749181541841	0.0626439985741701	
18	1081.55868226933	500	97.54725882186	3.3097902663955	97.6033934618386	1.94330719750841	
19	1078.65062527667	475.47	98.4848594423889	1.16397649832043	98.4917376264412	0.677137949982214	
20	1084.32673026234	441.672	102.686919558787	3.69568909686167	102.753401726529	2.06117815324635	
21	1073.51153028964	398.11	97.5753111652648	-0.0831896397258326	97.5753466276928	-0.0488485667503733	
22	1087.06478125543	358.299	95.0494350088287	-2.05612656054421	95.0716716584416	-1.23923938290567	
23	1084.32673026234	315.48	98.6994383775781	1.6135005351004	98.7126259402824	0.936565987045174	
24	1081.55868226933	300	94.6331835563868	5.46294686952419	94.7907338220147	3.30388124510124	
25	1087.06478125543	278.677	96.9300001669727	1.42906111796809	96.9405340817154	0.844663559926246	
26	1076.00257828335	251.19	94.9496583663921	-1.30376293283529	94.9586089919161	-0.786684445473797	
27	1090.78285124604	226.071	96.1081268416139	3.30106302178492	96.1648015756157	1.96718696115123	
28	1087.06478125543	199.055	99.763019034529	-2.83991639253881	99.803432265631	-1.6305770852841	
29	1084.32673026234	189.288	100.495903234534	-5.52800087975942	100.647828395109	-3.14850888056541	
30	1090.78285124604	175.833	98.7406212333937	-15.5518656423502	99.9578451474132	-8.9506819777698	
31	1078.65062527667	158.49	96.4513075974657	4.39324325620097	96.5513092794142	2.60795258037251	
32	1094.96092923549	142.641	95.8109143987345	-0.496847786449438	95.8122026447808	-0.297116734870529	
33	1090.78285124604	125.595	93.8251286232534	-0.998165938223837	93.8304380060664	-0.609522618278213	
34	1087.06478125543	119.433	99.7269272991669	-2.43180529671446	99.7565722423062	-1.39686018194907	
35	1094.96092923549	110.943	93.7915966395216	-0.099969283183156	93.7916499164414	-0.0610696058442241	
36	1081.55868226933	100	95.7539028822948	2.91539869962294	95.7982748632234	1.74393365696561	
37	1099.38400922432	90	95.5941998010141	0.896443516736496	95.5984029499181	0.537280762598064	
38	1094.96092923549	79.245	97.001368003176	-7.13339529290793	97.2633061482719	-4.20591028109392	
39	1090.78285124604	75.357	92.5385402970579	2.3419865311744	92.5681713183447	1.44974521426614	
40	1099.38400922432	70	95.6314438130761	-1.71756053593823	95.646866440925	-1.02893344137227	
41	1084.32673026234	63.096	97.5463323066841	8.93887891500854	97.955043273653	5.23580539851844	
42	1104.11209921238	56.7864	103.40733213267	-4.94980674209294	103.525730741591	-2.74048971851785	
43	1099.38400922432	50	93.6269365626507	4.63150715634822	93.7414215202965	2.83198068049803	
44	1094.96092923549	47.547	96.20008846206	-9.80972206461388	96.6989538055771	-5.82244366526574	
45	1104.11209921238	44.1672	95.2258529675945	-1.90868049723285	95.2449795771223	-1.1482669042666	
46	1087.06478125543	39.811	96.2339351209857	-2.296324684308	96.261328558907	-1.36692685025072	
47	1109.00019020004	35.8299	92.6628098668941	-0.157388159084837	92.6629435290116	-0.097317020734812	
48	1104.11209921238	31.548	91.4919340186195	-1.9117343030532	91.5119047911959	-1.19702759988663	
49	1099.38400922432	30	93.1082540270195	-1.21483673870773	93.1161790252462	-0.747528446568456	
50	1109.00019020004	27.8677	94.5977363049863	-1.38375071165845	94.6078563337091	-0.838047766765162	
51	1090.78285124604	25.119	92.397872883793	-2.7502617148197	92.4387951725333	-1.70492968617236	
52	1114.14828318705	22.6071	92.703435404538	1.49373465102637	92.7154689305459	0.923129603616755	
53	1109.00019020004	19.9055	91.3376998109178	6.84956469625771	91.5941698105155	4.28867751011249	
54	1104.11209921238	18.9288	97.0562489459368	-0.134085708673372	97.0563415673233	-0.0791555453232098	
55	1114.14828318705	17.5833	97.154091094084	1.05104204812861	97.1597761715439	0.61981871921244	
56	1094.96092923549	15.849	90.069158678603	-14.2388064592197	91.1877017719741	-8.98340112746755	
57	1119.53638517344	14.2641	96.3241154242276	-1.57075554009374	96.3369217134669	-0.934238395529891	
58	1114.14828318705	12.5595	94.3276027455161	2.2613869578584	94.3547058216445	1.3733319903259	
59	1109.00019020004	11.9433	94.4062551239999	-0.881424733880216	94.4103697487689	-0.534926947334873	
60	1119.53638517344	11.0943	97.2850852846035	0.441027381174474	97.2860849452969	0.25974006617614	
61	1099.38400922432	10	92.7881216690585	-9.13966824889177	93.2371656506771	-5.62551121973991	
62	1124.39447316118	9	96.9277487077357	3.56651356677644	96.993342496132	2.10728124862421	
63	1119.53638517344	7.9245	97.2959719782307	3.10545208901295	97.3455186224092	1.82812207651212	
64	1114.14828318705	7.5357	96.0525270461315	3.88723841834339	96.1311529862659	2.31749115693554	
65	1124.39447316118	7	96.6373894001142	0.954865852071515	96.6421067592422	0.566116316724961	
66	1104.11209921238	6.3096	98.5338853887639	0.144880214883632	98.5339919016921	0.0842453216260104	
67	1129.41756514849	5.67864	123.08092159819	0.969950873474754	123.084743433769	0.451515476588672	
68	1124.39447316118	5	93.9313867353401	3.98485433302061	94.0158735431385	2.42920416149527	
69	1119.53638517344	4.7547	94.8654859837522	0.766062618390238	94.8685790073235	0.462667748910147	
70	1129.41756514849	4.41672	118.973441304938	0.0874101853544599	118.973473415211	0.0420953933180818	
71	1109.00019020004	3.9811	100.293537587084	0.442495062144047	100.294513726384	0.252787324313009	
72	1134.6456631353	3.58299	118.911371781366	-0.952878812925817	118.915189597286	-0.459121486789628	
73	1129.41756514849	3.1548	123.343561941202	-5.14290018717029	123.450733876629	-2.38760650234184	
74	1124.39447316118	3	98.1252320821342	1.34901034043586	98.1345046355832	0.787643793776438	
75	1134.6456631353	2.78677	122.609795409488	-4.5402370905485	122.693829034695	-2.12069206075301	
76	1114.14828318705	2.5119	100.868983747303	-2.34962048156536	100.896345814013	-1.33439429129204	
77	1141.0587841191	2.26071	120.804487749431	-0.153287024513516	120.804585001209	-0.0727017266393147	
78	1134.6456631353	1.99055	122.002673801303	-2.92116102645945	122.037640080467	-1.37159473758052	
79	1129.41756514849	1.89288	118.810171205087	-5.58594208633539	118.941412177483	-2.69181833229182	
80	1141.0587841191	1.75833	120.349276544435	-2.06103383666431	120.366923302229	-0.981119299908974	
81	1119.53638517344	1.5849	94.1104610456945	1.77283089885262	94.1271576519184	1.07919687801214	
82	1148.80192709955	1.42641	118.617227295308	-5.09263456743065	118.726498887418	-2.45838982538463	
83	1141.0587841191	1.25595	123.893708095471	2.44751982908517	123.917881110676	1.13173074343748	
84	1134.6456631353	1.19433	121.382709624145	-0.724700049249263	121.384872969661	-0.34207310922248	
85	1148.80192709955	1.10943	119.554068918179	0.169312908838159	119.554188808898	0.0811424378593559	
86	1124.39447316118	1	96.8642880808131	-3.21403535808931	96.9175955576994	-1.9004230379628	
87	1171.1633430431	0.9	118.870629533634	-0.829466684110712	118.873523463816	-0.399797402516384	
88	1148.80192709955	0.79245	115.943378516464	-4.13842322097921	116.017212380612	-2.04421820273421	
89	1141.0587841191	0.75357	119.009601760833	10.6883691354789	119.488604251821	5.13202142912504	
90	1171.1633430431	0.7	117.959466571864	0.736261954788163	117.961764294982	0.357615679779797	
91	1129.41756514849	0.63096	143.041093943118	1.54411787062966	143.049428018577	0.618479615346097	
92	1171.1633430431	0.5	112.476547817999	-1.46113279398345	112.486037880691	-0.744262117847627	
93	1148.80192709955	0.47547	122.193468824979	0.81210593830844	122.196167450277	0.380785963151432	
94	1134.6456631353	0.39811	112.31514712503	-0.775874578899668	112.317826969183	-0.395793736023553	
95	1171.1633430431	0.3	119.438366101763	0.54242056293866	119.439597776976	0.26020278353616	
96	1141.0587841191	0.25119	148.995829225184	-10.2832907866727	149.350270156781	-3.94813946804023	
97	1148.80192709955	0.15849	125.731415443282	-22.6289083971614	127.75154137864	-10.2027614680011	
98	1171.1633430431	0.1	107.885809793332	-2.3624115176892	107.911671949525	-1.25442430093995	
10/14/2021
Index	Time (s)	Frequency (Hz)	Z' (Ω)	-Z'' (Ω)	Z (Ω)	-Phase (°)	OCP value (V)
1	1257.96506382394	10000	90.8034332865682	20.4127911426971	93.0695736471571	12.6695837527699	0.000823211669921876
2	1260.16310281839	6309.6	98.7250029150654	19.7770730826579	100.686438115053	11.3278289615151	
3	1262.64614681212	3981.1	106.781370194589	19.2377227196386	108.500465418687	10.2128484554913	
4	1265.07919480598	2511.9	111.544630070511	15.4462656543412	112.609021042861	7.88395808988566	
5	1277.25241777525	2260.71	110.312868058758	14.5924639491819	111.27384626882	7.53547961424092	
6	1277.25241777525	1758.33	116.195309871824	12.8793994149701	116.906924369344	6.32499882391332	
7	1267.4472378	1584.9	116.698176208161	11.7587003983169	117.289093121945	5.75379694036463	
8	1279.94046776846	1426.41	117.936309176441	17.4137667328943	119.214983512932	8.39926198640523	
9	1277.25241777525	1255.95	115.56631468009	9.77837318243541	115.979263969179	4.83642839281726	
10	1279.94046776846	1109.43	120.688057064877	10.8364394702679	121.173576073696	5.13076241250055	
11	1269.81527979402	1000	119.279002157289	8.46829238248654	119.579230351737	4.06093836334511	
12	1282.81352176121	900	113.531675301961	6.92586663048629	113.742731308216	3.49093561878418	
13	1279.94046776846	792.45	115.23676667653	0.0112952174492648	115.236767230094	0.00561598789273097	
14	1277.25241777525	753.57	120.639595147979	3.45588312838064	120.689084202613	1.64086576755188	
15	1282.81352176121	700	123.92107734276	5.03403220461992	124.023283660882	2.32624106760178	
16	1272.32332678769	630.96	120.383675335294	5.04047829705114	120.489151829933	2.39758044445026	
17	1285.92657775335	567.864	122.428173556207	6.85473466420321	122.619921169545	3.20463600576538	
18	1282.81352176121	500	120.693295533254	4.44348004574642	120.775064071994	2.10846606667182	
19	1279.94046776846	475.47	126.655219284616	5.36652073563917	126.768860990545	2.42623384820168	
20	1285.92657775335	441.672	116.392497295169	3.45790153016813	116.443851317269	1.70169821719247	
21	1274.80637378142	398.11	121.264242565076	3.10215395557294	121.303915369809	1.46540783849498	
22	1289.26964174491	358.299	122.354239337814	1.18633946761535	122.359990541302	0.555519081315303	
23	1285.92657775335	315.48	125.896069129181	1.09270563782803	125.900811068834	0.497282001563289	
24	1282.81352176121	300	126.038002584338	-8.62349595921048	126.332667105575	-3.91406624857041	
25	1289.26964174491	278.677	115.170718394568	1.97085770616901	115.187580301085	0.980377734203823	
26	1277.25241777525	251.19	121.104149361479	-6.01486917707898	121.25342734861	-2.84336798891283	
27	1292.28769773729	226.071	122.174264353725	1.76548761422946	122.187019837993	0.827898980765181	
28	1289.26964174491	199.055	122.094140548373	1.20586381017736	122.100095265215	0.565863851544414	
29	1285.92657775335	189.288	123.386177999931	5.97335214491114	123.530683869547	2.77163027640467	
30	1292.28769773729	175.833	109.307990971504	11.6718010685178	109.929376557904	6.09489350544622	
31	1279.94046776846	158.49	120.295369305816	2.95470814395396	120.33165076836	1.40702235761567	
32	1296.31577272712	142.641	117.893301495739	1.06499810305735	117.898111768275	0.517571702113412	
33	1292.28769773729	125.595	119.488756885974	0.47338833626008	119.48969461285	0.226992166801982	
34	1289.26964174491	119.433	121.463389800669	-0.104321072661575	121.463434599699	-0.0492095249268291	
35	1296.31577272712	110.943	117.647997526769	4.03008717538927	117.717003549614	1.96192656344573	
36	1282.81352176121	100	114.529659478828	-4.82414565793705	114.631214255391	-2.41195071471063	
37	1300.77885271585	90	115.638020681487	-1.66196090734998	115.649962996923	-0.823403839003197	
38	1296.31577272712	79.245	114.230985985309	-3.81201684232358	114.294573937619	-1.91131549545665	
39	1292.28769773729	75.357	120.525389255782	1.04580387614784	120.529926412511	0.497145414111148	
40	1300.77885271585	70	120.714620614148	2.16503065218274	120.734034090403	1.02749625641026	
41	1285.92657775335	63.096	129.218521803145	17.3567357462199	130.378996210102	7.65022580473048	
42	1305.42193870413	56.7864	128.216774832842	-9.76746765065214	128.588276187381	-4.35633990559058	
43	1300.77885271585	50	117.865444689944	3.62386766049487	117.921140889914	1.76104993997901	
44	1296.31577272712	47.547	117.820408034009	1.6107790070863	117.831418383681	0.783269138293272	
45	1305.42193870413	44.1672	117.737348794038	-1.22907084351257	117.743763810179	-0.598094104599958	
46	1289.26964174491	39.811	115.592360846565	1.69975229369494	115.604857354448	0.84245717834047	
47	1309.37001169416	35.8299	118.167483926443	2.36176675656782	118.191083418837	1.14499563466418	
48	1305.42193870413	31.548	115.667231547352	-0.228006273391184	115.6674562731	-0.112942793497264	
49	1300.77885271585	30	116.344270294461	-1.63171935058593	116.355712100394	-0.803516174921745	
50	1309.37001169416	27.8677	113.837642001637	-0.0201891979228714	113.837643791923	-0.0101614527520716	
51	1292.28769773729	25.119	122.413854517299	-4.74898002037674	122.505936954159	-2.22164503892935	
52	1313.22808568442	22.6071	118.631953512727	3.31973256028082	118.67839322521	1.602915857535	
53	1309.37001169416	19.9055	117.557064496303	0.623214469215977	117.558716432524	0.303743755941037	
54	1305.42193870413	18.9288	122.802293998285	-1.58515123207382	122.812524262267	-0.7395418174983	
55	1313.22808568442	17.5833	118.752053313514	1.95402129895427	118.768128575862	0.942695875215269	
56	1296.31577272712	15.849	117.177658777901	-0.278978807206668	117.177990876466	-0.136410628033224	
57	1317.22115767434	14.2641	117.510327160032	-3.19267207179371	117.553690474675	-1.55630274455402	
58	1313.22808568442	12.5595	118.088132640071	-2.71777095347369	118.119402933534	-1.318416315304	
59	1309.37001169416	11.9433	114.131490198574	3.28321305288632	114.178704419422	1.64776948172325	
60	1317.22115767434	11.0943	118.041414157964	2.06048136577736	118.059396237109	1.00002951100494	
61	1300.77885271585	10	113.437653712077	-0.605270396698337	113.439268474167	-0.305710749123177	
62	1321.57923866333	9	118.54493202819	-1.64114442647932	118.556291543708	-0.793156156399255	
63	1317.22115767434	7.9245	118.89486316317	2.77621360356624	118.927271256687	1.33762232179777	
64	1313.22808568442	7.5357	117.632757320753	1.36885819623981	117.64072155357	0.666704235556355	
65	1321.57923866333	7	115.311430536863	-1.45186955709617	115.320570314531	-0.721364761849277	
66	1305.42193870413	6.3096	122.11538367101	1.37052873297417	122.123074306725	0.643016571238559	
67	1326.27732665147	5.67864	117.251688113747	0.697276286991717	117.253761388468	0.340724454364363	
68	1321.57923866333	5	117.529873158461	-0.127445650584683	117.529942257442	-0.0621296938174227	
69	1317.22115767434	4.7547	116.438689452041	4.06388884825131	116.509585845456	1.99889921408649	
70	1326.27732665147	4.41672	121.526073751687	0.686068520338621	121.528010316614	0.323456620150761	
71	1309.37001169416	3.9811	119.02329197769	6.93318622339266	119.22505233555	3.33375018846684	
72	1331.69542463779	3.58299	117.435380942797	0.438736235934921	117.436200494841	0.214054891157969	
73	1326.27732665147	3.1548	120.474287421774	-2.87372650023591	120.508556682845	-1.36644246481948	
74	1321.57923866333	3	121.516383842363	1.40660444618492	121.524524595624	0.663193689660691	
75	1331.69542463779	2.78677	117.198491082603	-0.477670191336977	117.199464507525	-0.233521218289279	
76	1313.22808568442	2.5119	116.266840865677	-6.74003467382801	116.462038245469	-3.3177457847653	
77	1338.11354562159	2.26071	116.015206554915	3.18914695987141	116.059031575794	1.57460958943199	
78	1331.69542463779	1.99055	115.928570472961	-2.18852297347319	115.949226322169	-1.08151283398348	
79	1326.27732665147	1.89288	114.558609576255	-1.04817647660136	114.563404724069	-0.524224348536243	
80	1338.11354562159	1.75833	118.058088727911	-2.19360903052681	118.07846643087	-1.06447664644582	
81	1317.22115767434	1.5849	120.489378228565	2.33877929389482	120.512074724866	1.11200969755388	
82	1345.74168760233	1.42641	120.09668521175	1.58554836482772	120.107151171224	0.756390168535968	
83	1338.11354562159	1.25595	117.301692633889	-2.36336031065873	117.325498365587	-1.15422250335115	
84	1331.69542463779	1.19433	112.028129006918	0.2802813529302	112.028479622047	0.143347079300883	
85	1345.74168760233	1.10943	117.062137496028	2.08139160571373	117.080639843466	1.01862474499034	
86	1321.57923866333	1	127.982138991307	1.11750877393441	127.987017805128	0.500280036260325	
87	1368.0931035459	0.9	118.642409784642	-1.05028550924586	118.647058535633	-0.507199366391107	
88	1345.74168760233	0.79245	118.162712641419	1.798919062589	118.176405295525	0.872208379449249	
89	1338.11354562159	0.75357	111.480849480638	2.18532112364629	111.502266476239	1.12300582277393	
90	1368.0931035459	0.7	116.842963956961	0.0729765319107006	116.84298674641	0.0357851820657513	
91	1326.27732665147	0.63096	111.419387047757	13.841373182043	112.275836321368	7.08144293747092	
92	1368.0931035459	0.5	115.798210364387	0.853170315438792	115.801353287352	0.422132377012627	
93	1345.74168760233	0.47547	115.396917403897	-2.81091373063686	115.431147366397	-1.39537220680841	
94	1331.69542463779	0.39811	113.118669167601	6.23098547020591	113.290151796964	3.15287254130308	
95	1368.0931035459	0.3	111.855477457138	-4.08171378294925	111.929925509536	-2.08985073429523	
96	1338.11354562159	0.25119	117.432986865883	-1.8340399159358	117.447307788029	-0.89475884899215	
97	1345.74168760233	0.15849	122.318887631648	2.23465233162341	122.339298438756	1.04662418216465	
98	1368.0931035459	0.1	110.853556466215	6.8507904966692	111.065045408704	3.53640261302888	
