10/14/2021
Index	Time (s)	Frequency (Hz)	Z' (Ω)	-Z'' (Ω)	Z (Ω)	-Phase (°)	OCP value (V)
1	27.3905999308454	10000	103.672866069468	42.5152138854225	112.05180306796	22.2980474546383	0.0004730224609375
2	29.7286409249424	6309.6	111.846782747746	53.6233252982443	124.036945411691	25.6147160349037	
3	32.0966839189637	3981.1	118.844902791378	68.4947848613594	137.170136956613	29.9564642361494	
4	34.3847269131869	2511.9	122.681695795184	94.7226737401662	154.994139901056	37.6717703191054	
5	46.2229468832983	2260.71	120.317375309516	104.514675149347	159.372482326607	40.9794814745092	
6	46.2229468832983	1758.33	122.367048357625	129.068475341052	177.854901114985	46.5267238213944	
7	36.6677669074228	1584.9	125.111595490504	139.985866905723	187.747048604036	48.2114239200491	
8	48.8059918767767	1426.41	126.72127138099	158.614648570824	203.019426069675	51.3777541791518	
9	46.2229468832983	1255.95	128.126609404992	179.648516346491	220.658146151722	54.5032621946594	
10	48.8059918767767	1109.43	127.803405652847	201.009481995838	238.198493590328	57.5514791897358	
11	38.9808099015829	1000	129.48863177551	219.801831993112	255.108116504791	59.4970086091037	
12	51.4390408701289	900	123.46960200261	242.620025641265	272.230085517474	63.0284060043652	
13	48.8059918767767	792.45	126.714590369324	281.17155789864	308.405629623737	65.7405076859516	
14	46.2229468832983	753.57	138.674506857888	292.612093280599	323.809289530631	64.6428256898099	
15	51.4390408701289	700	139.119969534357	311.339049019463	341.007872882114	65.9228092924964	
16	41.4738578952886	630.96	146.201782892767	349.397288729825	378.752460972568	67.2936179235855	
17	53.9920898636831	567.864	151.947948876416	384.134085446548	413.09463173661	68.4182470127774	
18	51.4390408701289	500	163.490658037218	440.139837652038	469.523451974239	69.6224040439486	
19	48.8059918767767	475.47	167.032420612252	460.352915546379	489.718936112991	70.0574266082361	
20	53.9920898636831	441.672	179.126686061958	494.748743441079	526.177430907166	70.096913890616	
21	43.7969018894235	398.11	193.114060877668	549.319129682653	582.275318680065	70.630789900897	
22	56.4651338574392	358.299	212.233840970847	606.455179752538	642.519329127087	70.7120976847731	
23	53.9920898636831	315.48	237.977190240546	687.163807815869	727.205089260788	70.8981098837562	
24	51.4390408701289	300	259.155893662821	705.560319854925	751.649613965151	69.8314595071099	
25	56.4651338574392	278.677	270.410190934958	767.251382147251	813.508669141483	70.585496152423	
26	46.2229468832983	251.19	303.451637460211	844.109180450949	896.996769670246	70.2268261637228	
27	59.2281868504632	226.071	347.316240684908	928.747544931473	991.564709567528	69.4961159312046	
28	56.4651338574392	199.055	414.111989168427	1031.26375724211	1111.3026934972	68.1216883746241	
29	53.9920898636831	189.288	446.107587402034	1076.69243970354	1165.45209650694	67.4942327806902	
30	59.2281868504632	175.833	487.801743016183	1151.29276593914	1250.37017454569	67.037668829618	
31	48.8059918767767	158.49	564.500444376858	1234.3262349509	1357.28479177722	65.4237288745231	
32	62.3262428426414	142.641	642.2636138131	1339.69583013642	1485.69427101041	64.3864736574351	
33	59.2281868504632	125.595	774.969677028813	1458.07024890682	1651.22586312755	62.0091920094643	
34	56.4651338574392	119.433	831.328047656981	1510.99415444645	1724.58970702962	61.1810185906659	
35	62.3262428426414	110.943	924.314291306021	1585.09817539672	1834.90957127553	59.7523640444821	
36	51.4390408701289	100	1058.2438688723	1670.64521649528	1977.60853694667	57.6484306484374	
37	65.6593058342262	90	1213.9881886491	1757.0045332684	2135.61051039398	55.3577770348609	
38	62.3262428426414	79.245	1416.75877363949	1847.98549029521	2328.57376843125	52.5244082483824	
39	59.2281868504632	75.357	1508.14360206029	1869.50712357804	2401.98959397089	51.1066547433453	
40	65.6593058342262	70	1645.25104765533	1918.87263679811	2527.63193643052	49.3900471351635	
41	53.9920898636831	63.096	1827.30282306408	1927.67090236508	2656.11571942997	46.5311154777482	
42	69.0273688257226	56.7864	2037.66337915745	1986.74080465023	2845.91129018836	44.2750497295152	
43	65.6593058342262	50	2292.56079615443	1954.11483985946	3012.3744474124	40.4433474990343	
44	62.3262428426414	47.547	2387.86176708294	1943.93189155988	3079.0834704048	39.1486547324398	
45	69.0273688257226	44.1672	2532.29719682911	1929.5171067227	3183.64026834128	37.3060642836494	
46	56.4651338574392	39.811	2717.94273297434	1861.82592527022	3294.48151849974	34.4116477618449	
47	72.6804358164995	35.8299	2888.59330066979	1803.57312760704	3405.41440698495	31.9797347458736	
48	69.0273688257226	31.548	3090.58190572624	1707.29895204857	3530.80249060586	28.9171342053299	
49	65.6593058342262	30	3152.77281156319	1667.15214987601	3566.42295475008	27.8694015449073	
50	72.6804358164995	27.8677	3262.27738261737	1597.66270778215	3632.4894836702	26.092769035649	
51	59.2281868504632	25.119	3391.99156786316	1500.27218871582	3708.96527844208	23.8597262990485	
52	76.2885008073901	22.6071	3496.69228790843	1402.53767400071	3767.48840519909	21.8559242901207	
53	72.6804358164995	19.9055	3614.03361072658	1275.72120228591	3832.58444465653	19.4425713387704	
54	69.0273688257226	18.9288	3654.7942111891	1241.63845250162	3859.94647279881	18.764097979171	
55	76.2885008073901	17.5833	3707.00231886887	1169.09699262547	3886.98520324751	17.5039876197773	
56	62.3262428426414	15.849	3767.3149119722	1058.5477168863	3913.2064748609	15.694407695972	
57	80.1215737977125	14.2641	3828.37630170047	983.641274468478	3952.72251293457	14.4095654945329	
58	76.2885008073901	12.5595	3888.44304834868	887.262696029143	3988.38619394061	12.853654718722	
59	72.6804358164995	11.9433	3901.81795043392	845.29975557305	3992.33202465679	12.2238023556387	
60	80.1215737977125	11.0943	3928.10549986022	788.077594430974	4006.37980137632	11.3443809219903	
61	65.6593058342262	10	3959.64729582638	731.875823949385	4026.71689208799	10.4719987895125	
62	84.0996457876688	9	3988.25426580119	667.068691887808	4043.65586176399	9.49530185506159	
63	80.1215737977125	7.9245	4016.5324794938	591.670317462782	4059.87769808342	8.37990136657242	
64	76.2885008073901	7.5357	4026.64947378546	563.337057650613	4065.86456061428	7.96411364085555	
65	84.0996457876688	7	4039.20104874555	534.565824362944	4074.42090765841	7.53896677078732	
66	69.0273688257226	6.3096	4051.49528051394	484.685716559779	4080.38408141486	6.82194839726861	
67	88.6027287762996	5.67864	4070.15660559954	441.740269578219	4094.05779879481	6.19415327914163	
68	84.0996457876688	5	4078.59595502742	398.788736538921	4098.0455610884	5.58440052580948	
69	80.1215737977125	4.7547	4084.87764217673	375.083283437293	4102.06202062687	5.24632465557748	
70	88.6027287762996	4.41672	4095.70293226149	355.014222527459	4111.0603994021	4.95399756892184	
71	72.6804358164995	3.9811	4094.72227399969	326.847960606223	4107.74635177753	4.56377396587929	
72	93.645823763567	3.58299	4121.77069394863	294.19832214931	4132.25680545743	4.08265889909077	
73	88.6027287762996	3.1548	4126.63633953999	259.379851158094	4134.77996826903	3.59659649951566	
74	84.0996457876688	3	4125.51644826344	250.414924926929	4133.10943473777	3.47353757194841	
75	93.645823763567	2.78677	4136.43499634282	238.208774955649	4143.28829547685	3.29590571077512	
76	76.2885008073901	2.5119	4132.81970069769	215.447929558089	4138.43164602556	2.98418362029532	
77	99.6789357483349	2.26071	4147.27994778532	193.705153072175	4151.80113343943	2.6741449743745	
78	93.645823763567	1.99055	4153.58668179448	162.615264352553	4156.76870265606	2.24201709746924	
79	88.6027287762996	1.89288	4149.09791003644	154.42744407694	4151.97077332595	2.13153766473189	
80	99.6789357483349	1.75833	4151.54242421435	142.78854591181	4153.99723987573	1.96985999643325	
81	80.1215737977125	1.5849	4143.3240022787	130.50303483302	4145.3787317879	1.80405923130298	
82	107.137071729505	1.42641	4155.03624222165	112.46955983927	4156.55814058529	1.55051787574684	
83	99.6789357483349	1.25595	4162.19074840056	99.5440387912174	4163.38093882004	1.37003962131072	
84	93.645823763567	1.19433	4161.97736751861	97.5637861499306	4163.12074051487	1.34286400411596	
85	107.137071729505	1.10943	4161.08023152369	85.2100414397067	4161.95259996308	1.17313130516731	
86	84.0996457876688	1	4149.83960710216	72.8337259428513	4150.47870929469	1.00549348680072	
87	128.898476674563	0.9	4175.53354071675	62.6031900294705	4176.00281478023	0.858963246890742	
88	107.137071729505	0.79245	4151.49998282161	53.3398852137738	4151.84263318379	0.736115178163983	
89	99.6789357483349	0.75357	4157.78917826579	48.3369825468962	4158.0701430815	0.66607040768829	
90	128.898476674563	0.7	4175.44658379813	46.0646237211058	4175.70067458266	0.632076450137856	
91	88.6027287762996	0.63096	4151.33255196259	36.6247416048089	4151.49410799075	0.505473520125923	
92	128.898476674563	0.5	4170.45790308997	31.6967083014352	4170.57835350959	0.435456413921785	
93	107.137071729505	0.47547	4145.96254144073	24.4559394035854	4146.03467038106	0.337968769930759	
94	93.645823763567	0.39811	4136.97662269349	13.7784369564669	4136.99956756553	0.190826160963725	
95	128.898476674563	0.3	4160.22384657006	4.64027658017213	4160.22643443082	0.0639071750384815	
96	99.6789357483349	0.25119	4144.67872652551	5.08042011664383	4144.68184023595	0.0702313747956764	
97	107.137071729505	0.15849	4146.32992873397	-9.79508864993942	4146.34149843892	-0.135352517829429	
98	128.898476674563	0.1	4150.10289855775	-22.7600828472389	4150.16530875442	-0.314219586050227	
10/14/2021
Index	Time (s)	Frequency (Hz)	Z' (Ω)	-Z'' (Ω)	Z (Ω)	-Phase (°)	OCP value (V)
1	210.895104467541	10000	102.32803173	42.4413365104415	110.780382390243	22.5266047035933	0.000389825730096726
2	213.068142462055	6309.6	112.327185542361	52.2057400816197	123.866201642489	24.9273541162882	
3	215.421188456114	3981.1	118.414503639929	67.208412145586	136.157869164517	29.577904683452	
4	217.649227450489	2511.9	122.276537276656	92.4187916966619	153.273561409137	37.0826397032732	
5	229.672449420133	2260.71	123.44659020789	102.298905916096	160.325065992767	39.6481894365254	
6	229.672449420133	1758.33	113.945031146462	129.248777781331	172.304140057446	48.6007718394116	
7	219.977273444611	1584.9	124.489870463315	138.92048609943	186.538546434979	48.1357449548609	
8	232.280500413548	1426.41	131.557257993148	154.45938095934	202.891627468997	49.5780598396496	
9	229.672449420133	1255.95	132.076840608097	167.453226392725	213.271833241874	51.7357883791209	
10	232.280500413548	1109.43	121.778287102893	201.447653909247	235.395642430472	58.8463756995732	
11	222.340315438645	1000	128.016739983305	218.086437878551	252.883332986791	59.5870657841983	
12	235.013550406648	900	132.143160024704	235.479231755148	270.022745948021	60.7003001096704	
13	232.280500413548	792.45	142.971006871481	282.06605986607	316.230882322101	63.120887738719	
14	229.672449420133	753.57	133.779622653113	319.370652802621	346.257998187452	67.27191407732	
15	235.013550406648	700	135.021214041023	317.016308237458	344.572297101231	66.930238013823	
16	224.823362432376	630.96	142.79481329982	346.22775173813	374.518377091126	67.5872657238033	
17	237.501595400366	567.864	146.869973039905	385.851429842753	412.858468355003	69.1612402427615	
18	235.013550406648	500	161.24038545285	434.33907736524	463.302164928539	69.6334834551354	
19	232.280500413548	475.47	151.411819724543	463.143047070668	487.264836821005	71.8962738793091	
20	237.501595400366	441.672	177.175968352331	493.716920082839	524.545251563362	70.2588944831631	
21	227.26140742622	398.11	173.925890663535	542.463260277067	569.663588614832	72.2229840590931	
22	240.094643393819	358.299	211.913349882202	601.975823908523	638.186618810393	70.6064190130649	
23	237.501595400366	315.48	235.363064636368	676.089369120225	715.88588981234	70.8057566665316	
24	235.013550406648	300	235.111573143139	712.184144822647	749.98913856309	71.7305223714739	
25	240.094643393819	278.677	265.685758312919	761.984282048449	806.975196805454	70.7775541064925	
26	229.672449420133	251.19	354.814853213227	752.399819227842	831.864813557355	64.7524880270902	
27	242.852695386856	226.071	341.668488086971	918.784663440637	980.256401930312	69.6013403075764	
28	240.094643393819	199.055	400.595259259613	1027.80113974878	1103.11003286625	68.7061777611727	
29	237.501595400366	189.288	432.417778840707	1073.21529602429	1157.05497150223	68.0546063370432	
30	242.852695386856	175.833	478.501260688696	1144.47270797546	1240.47621330736	67.3103136434303	
31	232.280500413548	158.49	525.676796340952	1304.59889068384	1406.52563424375	68.053457764745	
32	245.940751379059	142.641	622.422245456952	1337.12858426535	1474.89738710838	65.0384133821611	
33	242.852695386856	125.595	760.428488494971	1461.56280081773	1647.54887844	62.5127382139228	
34	240.094643393819	119.433	803.15966212597	1511.03718827252	1711.22728683504	62.008072571084	
35	245.940751379059	110.943	887.609310306569	1588.43422443353	1819.60808227889	60.8037538814978	
36	235.013550406648	100	1036.93193791274	1684.62734699448	1978.18026026576	58.3866223429228	
37	249.283814370619	90	1185.2638067619	1773.05127829063	2132.73559708365	56.2377408353287	
38	245.940751379059	79.245	1405.68225354786	1880.98901776699	2348.20405478302	53.2288633454284	
39	242.852695386856	75.357	1479.62517179393	1917.37548672204	2421.90408688883	52.342883652646	
40	249.283814370619	70	1617.17730499377	1944.95545882925	2529.4493813114	50.2574028564561	
41	237.501595400366	63.096	1880.82595398366	2000.30855490665	2745.67670784659	46.763321333728	
42	252.631877362166	56.7864	1963.31870685398	1978.06406396857	2786.99798813107	45.2143518753848	
43	249.283814370619	50	2275.91454925743	2014.64262356286	3039.5019223876	41.5152972736917	
44	245.940751379059	47.547	2361.78853102483	1981.20204624906	3082.72713896996	39.9918298201741	
45	252.631877362166	44.1672	2526.28221681509	1989.21176985187	3215.44169661237	38.2171355783035	
46	240.094643393819	39.811	2720.8658952564	1939.09275630402	3341.13632429449	35.4765173531495	
47	256.164942353246	35.8299	2892.72973782907	1871.43586573754	3445.3094978085	32.9006293467307	
48	252.631877362166	31.548	3116.02367548121	1769.71855524698	3583.50489199399	29.59403235492	
49	249.283814370619	30	3189.7755102253	1737.03862086261	3632.0752987791	28.5711440221411	
50	256.164942353246	27.8677	3284.53423347907	1663.67649614803	3681.84527305689	26.8630455949873	
51	242.852695386856	25.119	3433.35886562876	1566.16128239595	3773.70034086807	24.5205787704781	
52	259.778007344124	22.6071	3535.99581673794	1457.54141236985	3824.61676312298	22.401511186788	
53	256.164942353246	19.9055	3657.73137640165	1339.69760065371	3895.35473135765	20.1159952989844	
54	252.631877362166	18.9288	3694.00856699582	1293.20700655754	3913.83234884276	19.2942468296293	
55	259.778007344124	17.5833	3759.45205095851	1219.82210174364	3952.39746019532	17.9765908994479	
56	245.940751379059	15.849	3834.50338002274	1135.00363970708	3998.95604296348	16.4886251031487	
57	263.56607833456	14.2641	3889.80904324728	1027.4992996905	4023.22870388855	14.7967976490183	
58	259.778007344124	12.5595	3948.21132129152	930.083329498132	4056.28248984028	13.2555405127955	
59	256.164942353246	11.9433	3970.82631550717	882.955138291531	4067.80916515999	12.5363603201984	
60	263.56607833456	11.0943	3999.03980127399	833.698567015202	4085.01807007224	11.7760507329502	
61	249.283814370619	10	4037.44002455248	770.457732292862	4110.2952532766	10.8037635227828	
62	267.609154324352	9	4058.24108325008	695.511590725117	4117.4090229915	9.72501540419822	
63	263.56607833456	7.9245	4088.7613661321	618.163900486083	4135.22624738219	8.597217337043	
64	259.778007344124	7.5357	4093.94177138666	593.736573766573	4136.77197178338	8.25196376739782	
65	267.609154324352	7	4109.93410666352	554.910681895629	4147.22608812179	7.68940037266856	
66	252.631877362166	6.3096	4126.32948436539	510.277375807033	4157.7611780625	7.04962034943132	
67	272.062234313109	5.67864	4140.39502216647	458.789333760512	4165.73626053706	6.32304202510299	
68	267.609154324352	5	4150.66362829786	409.538788101664	4170.81893328332	5.63503602410828	
69	263.56607833456	4.7547	4160.76927137232	396.593140794727	4179.62762084394	5.44482722875738	
70	272.062234313109	4.41672	4173.17829349483	370.053199432777	4189.5532506112	5.06740264823312	
71	256.164942353246	3.9811	4166.60347997633	331.802023721226	4179.79391146219	4.55306629483544	
72	277.100328300389	3.58299	4188.19948976085	309.331774789075	4199.60725698573	4.22407844934339	
73	272.062234313109	3.1548	4199.35784494657	269.709586192645	4208.01016762062	3.67485355156622	
74	267.609154324352	3	4193.25729228046	263.269726771441	4201.51373534558	3.59254632551976	
75	277.100328300389	2.78677	4207.11951356267	237.97689610415	4213.84475324841	3.23750185362806	
76	259.778007344124	2.5119	4207.7501760819	212.858584820749	4213.13070310537	2.89596829310927	
77	283.118441285195	2.26071	4221.41982780557	204.843102275555	4226.38687996495	2.77808102787559	
78	277.100328300389	1.99055	4218.43553554425	172.00163051247	4221.94065903838	2.33487309534522	
79	272.062234313109	1.89288	4216.78479546745	163.487770226189	4219.95287441685	2.22028641386509	
80	283.118441285195	1.75833	4214.7335922916	147.747980969808	4217.32245860711	2.00768815773073	
81	263.56607833456	1.5849	4222.54885986003	133.196332274096	4224.64911404918	1.80674238133121	
82	290.646579266188	1.42641	4237.06221609539	115.047304373286	4238.62384569647	1.55534788426503	
83	283.118441285195	1.25595	4217.70708150588	111.420379998667	4219.17853692681	1.51324711961634	
84	277.100328300389	1.19433	4224.10185753402	95.7680665001753	4225.18733612884	1.29877695960217	
85	290.646579266188	1.10943	4234.0658783436	92.2399552949404	4235.07049191703	1.248002383341	
86	267.609154324352	1	4219.69962109573	72.7564490363995	4220.32681117847	0.987801221031396	
87	312.312982211486	0.9	4250.51469260386	69.3616812117751	4251.08059143341	0.93489357850985	
88	290.646579266188	0.79245	4226.52055263681	52.9747049893589	4226.85252891914	0.718100870717059	
89	283.118441285195	0.75357	4227.55032601894	32.2204163333414	4227.67310872678	0.436673246626674	
90	312.312982211486	0.7	4247.7067166523	43.5089111041224	4247.92953990983	0.586855441587318	
91	272.062234313109	0.63096	4215.59956998939	33.2580619165071	4215.7307590947	0.452013294477424	
92	312.312982211486	0.5	4237.35798768325	28.8062501434683	4237.45590134345	0.389500046188931	
93	290.646579266188	0.47547	4228.66217337971	25.7743031904234	4228.74072168977	0.349221679335774	
94	277.100328300389	0.39811	4200.73376226249	9.67624189184852	4200.74490668847	0.131978571548845	
95	312.312982211486	0.3	4233.22100672572	10.4731456530683	4233.23396218113	0.141751592673534	
96	283.118441285195	0.25119	4207.26268572376	-20.8342938830143	4207.31427094353	-0.28372541494209	
97	290.646579266188	0.15849	4205.44791957173	-21.9701260414698	4205.50530741176	-0.299322229162836	
98	312.312982211486	0.1	4232.13129200576	1.29787398117367	4232.13149101623	0.0175709811437924	
10/14/2021
Index	Time (s)	Frequency (Hz)	Z' (Ω)	-Z'' (Ω)	Z (Ω)	-Phase (°)	OCP value (V)
1	392.945583007908	10000	102.576153399634	42.40657616344	110.996328534645	22.4609618520772	0.000323867797851559
2	395.098619002472	6309.6	111.38375900773	52.0059026371681	122.926627220463	25.0282193611168	
3	397.496665996417	3981.1	118.755041916728	66.3088270852788	136.013310120992	29.1775240579633	
4	399.874705990413	2511.9	122.103442470873	91.8789711397954	152.810326879256	36.9603016997211	
5	411.927931959982	2260.71	122.992038420527	101.532162239121	159.486116899834	39.5402921356751	
6	411.927931959982	1758.33	119.364421868472	124.666136819469	172.596381414806	46.2445904860495	
7	402.167752984624	1584.9	123.536285893423	136.511780885917	184.110510979102	47.8564913275312	
8	414.565980953322	1426.41	122.418960634426	155.331358864428	197.77318566854	51.7578283842732	
9	411.927931959982	1255.95	127.100229625847	176.943886883238	217.861441003889	54.3100061424886	
10	414.565980953322	1109.43	128.934811172831	194.467506946048	233.327659719085	56.4550377212603	
11	404.485793978772	1000	127.700259425916	214.009050348006	249.213221736532	59.175263324064	
12	417.314032946383	900	132.474882012093	240.765622027654	274.80480184029	61.179379501241	
13	414.565980953322	792.45	127.654537684592	274.511133336144	302.740884779313	65.0603949772565	
14	411.927931959982	753.57	135.584965500347	284.613949185607	315.259231333133	64.5277099533083	
15	417.314032946383	700	134.033454336681	305.288312108514	333.415537117707	66.2966555360176	
16	406.958839972528	630.96	141.626949143295	341.143312624547	369.373730078476	67.4540320226504	
17	419.772076940177	567.864	152.22746202367	376.716150429481	406.310544028303	67.9968284072519	
18	417.314032946383	500	158.357314452971	432.450765344573	460.533064489255	69.8879885516771	
19	414.565980953322	475.47	171.050607317006	450.530318429399	481.908578557813	69.2099814827826	
20	419.772076940177	441.672	174.975685925593	487.093948848098	517.568358450906	70.2405094972287	
21	409.446883966246	398.11	186.355558974108	537.247141996349	568.650055784572	70.8698128699343	
22	422.375123933605	358.299	201.250995338155	596.777514974976	629.79787670673	71.3643749772921	
23	419.772076940177	315.48	230.967844932801	670.880145065046	709.525414932686	71.0026505265812	
24	417.314032946383	300	231.2569086397	713.830818779974	750.356045909993	72.0494391582668	
25	422.375123933605	278.677	260.56559975833	758.292155616134	801.811340058484	71.0361693567349	
26	411.927931959982	251.19	294.184069650776	824.002007408715	874.942040966077	70.3524885986391	
27	425.208178926453	226.071	327.742741464022	913.117904123469	970.154426580217	70.2555631766633	
28	422.375123933605	199.055	393.341601320771	1019.59819653849	1092.83946566462	68.9043336742743	
29	419.772076940177	189.288	412.496979238707	1058.00988026812	1135.57855942511	68.7001803215235	
30	425.208178926453	175.833	451.604178461414	1123.21396901488	1210.60148446711	68.0967039808974	
31	414.565980953322	158.49	532.849548773218	1229.76870821748	1340.24614057968	66.5732772926513	
32	428.376234918454	142.641	614.558009200711	1330.94840816225	1465.98267788619	65.2151316358558	
33	425.208178926453	125.595	731.629712216001	1451.61167026981	1625.56404889527	63.251347213635	
34	422.375123933605	119.433	786.396862191048	1508.03046394092	1700.75745038433	62.4591844744673	
35	428.376234918454	110.943	871.198196334849	1577.45931825451	1802.04444951979	61.0890365524135	
36	417.314032946383	100	1014.18781421361	1682.47904424257	1964.5133384161	58.9186908841598	
37	431.714297910026	90	1152.10729586949	1774.08302662443	2115.35382538066	56.9999021529112	
38	428.376234918454	79.245	1358.57145932097	1879.02707627049	2318.71929379974	54.1323722434379	
39	425.208178926453	75.357	1444.56246327453	1921.59256704067	2404.01304156357	53.0658849312507	
40	431.714297910026	70	1587.14135397459	1962.79437017075	2524.19876734584	51.0405403187132	
41	419.772076940177	63.096	1765.9977081243	2009.36889774969	2675.12827212904	48.6883504759742	
42	435.142359901371	56.7864	2010.58965849376	2052.86157891642	2873.44939698496	45.596024198476	
43	431.714297910026	50	2253.03106809458	2052.10099088446	3047.50184094914	42.3278178277018	
44	428.376234918454	47.547	2349.12717554795	2043.72436860938	3113.71286115879	41.0230430979964	
45	435.142359901371	44.1672	2507.46532252314	2028.93034949688	3225.51402210029	38.9782571827705	
46	422.375123933605	39.811	2706.05214677864	1983.07607602707	3354.89328360772	36.2350779964106	
47	438.770428892211	35.8299	2903.94499567146	1926.39355320742	3484.80826728307	33.5591506814189	
48	435.142359901371	31.548	3114.83250311674	1832.47605593007	3613.8829557734	30.4685737528297	
49	431.714297910026	30	3203.69270315968	1787.06374700019	3668.41161432587	29.1533777103957	
50	438.770428892211	27.8677	3309.40939473222	1724.58694516135	3731.80796308744	27.5247512160657	
51	425.208178926453	25.119	3451.43916042077	1610.09538013789	3808.52194574581	25.009037928942	
52	442.453497882912	22.6071	3629.0651023874	1501.50493981427	3927.42034949822	22.4770460962353	
53	438.770428892211	19.9055	3710.44793899903	1399.39858185736	3965.56935369015	20.6640098986457	
54	435.142359901371	18.9288	3753.09500355038	1351.92962586227	3989.1648021809	19.8098958602682	
55	442.453497882912	17.5833	3769.758894882	1236.97070111825	3967.51542416245	18.1662112503454	
56	428.376234918454	15.849	3891.1214737851	1173.11595821279	4064.11458686453	16.7772874306123	
57	446.27656787326	14.2641	3956.28452104893	1085.38235056948	4102.46780102161	15.3412942793964	
58	442.453497882912	12.5595	3966.82797176868	925.967847361424	4073.46788522428	13.1391541900174	
59	438.770428892211	11.9433	4042.81074306854	927.020958440492	4147.73270132711	12.9147266978075	
60	446.27656787326	11.0943	4073.52326983205	873.259704736491	4166.07421222662	12.0996232635892	
61	431.714297910026	10	4099.26952781285	798.209598479644	4176.26019600791	11.0187508457728	
62	450.474642862661	9	4132.40862663997	715.930852175564	4193.96686236614	9.82880814529208	
63	446.27656787326	7.9245	4164.30997522768	652.874886756824	4215.17771719515	8.9102241883625	
64	442.453497882912	7.5357	4173.62974352104	686.039681390308	4229.63777177735	9.33451136341744	
65	450.474642862661	7	4188.61956999808	584.089864421051	4229.14824425561	7.9385249194664	
66	435.142359901371	6.3096	4203.20641697055	531.820479054643	4236.71773966644	7.2111632672544	
67	454.857726851595	5.67864	4255.82655262321	491.280427636158	4284.08871343617	6.58491429784504	
68	450.474642862661	5	4244.1242584413	435.154985955692	4266.37440725636	5.85414579176237	
69	446.27656787326	4.7547	4239.91627914567	412.113884975308	4259.89764059583	5.55162969439996	
70	454.857726851595	4.41672	4291.51179484781	385.608907471985	4308.80119230856	5.13445862129126	
71	438.770428892211	3.9811	4257.58909267218	355.29128096747	4272.38771372317	4.77021950986968	
72	459.905819838849	3.58299	4299.51013089765	324.73984425499	4311.75640918388	4.31932047077421	
73	454.857726851595	3.1548	4319.7857579847	287.184928098448	4329.32144542472	3.80350037925066	
74	450.474642862661	3	4286.27625006274	268.202895635295	4294.6591116268	3.58047047244143	
75	459.905819838849	2.78677	4329.50953937927	264.8142117258	4337.60065223944	3.50013269274205	
76	442.453497882912	2.5119	4217.26839175385	242.137521916745	4224.21392304013	3.28607096870059	
77	465.823928823908	2.26071	4351.25644365637	214.571851425304	4356.54378124278	2.82311807295289	
78	459.905819838849	1.99055	4346.28027269476	194.28189619166	4350.62037691218	2.5594592822505	
79	454.857726851595	1.89288	4348.94487929414	176.853446389829	4352.53933981517	2.32869724304929	
80	465.823928823908	1.75833	4354.12489817046	173.961514064378	4357.59867785499	2.28793670416783	
81	446.27656787326	1.5849	4304.33423041332	136.400040324209	4306.49487844909	1.81503847563097	
82	473.282065805078	1.42641	4371.24388394427	135.630748493816	4373.34754997327	1.77720055957125	
83	465.823928823908	1.25595	4367.45646412677	104.48364907002	4368.70607834467	1.37043849212236	
84	459.905819838849	1.19433	4332.38151108268	85.1448948133277	4333.21811252143	1.12589695993026	
85	473.282065805078	1.10943	4369.79686177292	99.5843546785163	4370.93144042058	1.30550136653099	
86	450.474642862661	1	4305.14826366814	73.6070939879113	4305.7774648082	0.979516777607192	
87	483.350254779658	0.9	4379.85519582181	82.6103820494435	4380.63420198373	1.08055286203964	
88	473.282065805078	0.79245	4368.12551172323	62.3193509513386	4368.57003923141	0.817374306782874	
89	465.823928823908	0.75357	4378.94304448898	67.7625018145753	4379.46731275969	0.886559944150425	
90	483.350254779658	0.7	4373.83290230418	56.2382667456113	4374.19444011411	0.736662293674891	
91	454.857726851595	0.63096	4340.67559924809	45.8411268438074	4340.91765261887	0.605068357950256	
92	483.350254779658	0.5	4374.46974844374	33.6761083712215	4374.59937140814	0.441073061564792	
93	473.282065805078	0.47547	4372.929515405	42.6485199112164	4373.1374827406	0.55877935214943	
94	459.905819838849	0.39811	4324.8859673079	-33.1339269658245	4325.01288868981	-0.438947303356437	
95	483.350254779658	0.3	4371.27066812488	7.09995595107615	4371.27643410749	0.0930615337925337	
96	465.823928823908	0.25119	4377.06957803668	-25.9352130118574	4377.14641361791	-0.339487602390532	
97	473.282065805078	0.15849	4329.07809204808	-22.8800756575377	4329.13855459868	-0.302817259513367	
98	483.350254779658	0.1	4350.57119415045	1.52998784338452	4350.57146317981	0.0201495018944293	
10/14/2021
Index	Time (s)	Frequency (Hz)	Z' (Ω)	-Z'' (Ω)	Z (Ω)	-Phase (°)	OCP value (V)
1	564.421868574972	10000	103.942706608867	44.2439069346473	112.967294196235	23.0573529611359	0.000476264953613278
2	566.614905569435	6309.6	113.947632749997	55.3801427195963	126.692632844104	25.9203999391706	
3	568.927951563595	3981.1	123.693284934213	69.4300871044937	141.846979993068	29.3058660252587	
4	571.205992557844	2511.9	128.908513287699	93.6455184567098	159.332632957191	35.9965093314901	
5	583.324215527248	2260.71	125.719637840186	98.2219379326586	159.539889776552	37.9997147135549	
6	583.324215527248	1758.33	126.108765057892	126.240344354319	178.437790748271	45.0298750318196	
7	573.624036551739	1584.9	130.546692846305	136.749017456649	189.057485407128	46.3292516519284	
8	585.982266520537	1426.41	125.328922430849	152.13957014657	197.113641339358	50.5191232741785	
9	583.324215527248	1255.95	129.722645125562	172.881124696199	216.138492487098	53.1169960498311	
10	585.982266520537	1109.43	130.648187044537	189.621611181252	230.27223932771	55.4333842528296	
11	575.947081545873	1000	133.929819304814	211.550163413772	250.381045886891	57.6625998278355	
12	588.730315513599	900	123.628918837649	236.747026671806	267.082878917588	62.4265084337505	
13	585.982266520537	792.45	147.712838111537	272.697695161549	310.134028267435	61.5568136459903	
14	583.324215527248	753.57	140.770296030712	279.814013697828	313.228604227428	63.2937071186842	
15	588.730315513599	700	143.93805639859	307.024510840443	339.090274612259	64.8820567317412	
16	578.425128539617	630.96	146.112372887404	337.96047759018	368.193033507928	66.6194492986857	
17	591.19336250738	567.864	157.77155174174	385.6829000617	416.7051258852	67.7519710669147	
18	588.730315513599	500	165.469469813693	426.863958720849	457.813264001011	68.8116854066005	
19	585.982266520537	475.47	168.192373245381	446.370748956959	477.00683427212	69.3536049274677	
20	591.19336250738	441.672	174.666515523215	485.969020006279	516.405151069279	70.2305969855364	
21	580.833170533537	398.11	186.849823961379	533.685766034162	565.449691468541	70.7042340031153	
22	593.656408501162	358.299	201.431800128088	589.955588566794	623.395834589898	71.1482719946133	
23	591.19336250738	315.48	228.050033727521	665.547006790247	703.5336780358	71.0859491687923	
24	588.730315513599	300	224.007242466753	699.459285728445	734.453903978531	72.2419342471148	
25	593.656408501162	278.677	261.790338537278	747.396719564874	791.91921164207	70.6961945250253	
26	583.324215527248	251.19	284.880789007126	823.96266113422	871.820813521166	70.9274405375868	
27	596.404457494223	226.071	333.769650837972	913.76907330851	972.818636311823	69.9344215744094	
28	593.656408501162	199.055	385.76544292856	1014.9976003968	1085.83382972218	69.1899360134126	
29	591.19336250738	189.288	420.561702731349	1047.80007970714	1129.05143941212	68.1306629359966	
30	596.404457494223	175.833	463.071378958865	1120.73798517193	1212.63709881321	67.5503526881806	
31	585.982266520537	158.49	528.182220844659	1228.04885080426	1336.81727935349	66.7275224684284	
32	599.432515486578	142.641	614.1276947113	1331.45033584508	1466.25810218849	65.2386200108374	
33	596.404457494223	125.595	729.313326076368	1458.21269021125	1630.42392569715	63.4284430708829	
34	593.656408501162	119.433	776.781854030605	1507.80320531875	1696.13105470088	62.7436281414651	
35	599.432515486578	110.943	866.564721972056	1589.15784051176	1810.07100949838	61.3964498977014	
36	588.730315513599	100	1003.267979631	1688.60211351296	1964.15980427085	59.2837110882692	
37	602.780576478125	90	1155.6128772454	1785.69856514859	2127.00740187455	57.0911190087478	
38	599.432515486578	79.245	1363.73988490374	1881.95117354528	2324.11847660263	54.0713548362035	
39	596.404457494223	75.357	1446.67731704562	1927.54922205065	2410.04590476662	53.1107904681577	
40	602.780576478125	70	1579.27434678042	1973.65257337628	2527.72861335895	51.3339562900023	
41	591.19336250738	63.096	1772.68314765541	2068.9368409929	2724.50090732215	49.4097431658491	
42	606.348641469117	56.7864	2011.89580888817	2072.35920572688	2888.32086572505	45.8481459647835	
43	602.780576478125	50	2252.42163899953	2063.0336575365	3054.42484143279	42.4871310276851	
44	599.432515486578	47.547	2350.20496772175	2068.90521841576	3131.10718326473	41.3577346018192	
45	606.348641469117	44.1672	2498.18817546196	2049.42761640419	3231.26874693179	39.3642753526051	
46	593.656408501162	39.811	2710.25827232704	2005.46454130495	3371.55571348726	36.4997119860405	
47	609.846706460285	35.8299	2910.36996684806	1956.82387240614	3507.05189747026	33.9154099929528	
48	606.348641469117	31.548	3126.81901097969	1868.40652020917	3642.51836676003	30.8601018042401	
49	602.780576478125	30	3214.43470751085	1817.5611973875	3692.71163172797	29.4854361228495	
50	609.846706460285	27.8677	3325.34403391039	1754.64217562158	3759.87793795669	27.8186987637029	
51	596.404457494223	25.119	3465.64893851829	1653.270025124	3839.79483059011	25.5032360424644	
52	613.564776450898	22.6071	3598.11382914147	1554.70899753218	3919.63559460144	23.3686898637325	
53	609.846706460285	19.9055	3740.90508690944	1420.17387328287	4001.40783970095	20.7884526566025	
54	606.348641469117	18.9288	3778.18713239302	1372.68650969723	4019.82167033377	19.9670360641648	
55	613.564776450898	17.5833	3840.71244220065	1300.40034784652	4054.88756050698	18.705231971653	
56	599.432515486578	15.849	3912.92825382029	1175.80632880672	4085.77141338169	16.7251388319135	
57	617.392846441233	14.2641	3981.29446912613	1103.01059999012	4131.2634911834	15.485298151839	
58	613.564776450898	12.5595	4058.33039214633	995.38272326163	4178.61607922842	13.7808407430633	
59	609.846706460285	11.9433	4081.4205920256	955.031910893522	4191.66792575885	13.1699689527549	
60	617.392846441233	11.0943	4100.67546232191	891.827229943617	4196.53369524872	12.269790701114	
61	602.780576478125	10	4128.75591714633	814.80014830536	4208.38742335461	11.1637329724904	
62	621.485921430899	9	4176.5848775513	742.911595084679	4242.14319389403	10.0860184049934	
63	617.392846441233	7.9245	4199.36716802148	659.591897970734	4250.85239495862	8.92648025323716	
64	613.564776450898	7.5357	4221.21699733224	640.263098455404	4269.49760203824	8.62473389881076	
65	621.485921430899	7	4226.99619645341	594.845616464675	4268.64593896693	8.01036820727022	
66	606.348641469117	6.3096	4252.08859461515	545.386351420313	4286.92240293334	7.30903113877682	
67	625.899003419757	5.67864	4259.93199470169	495.309257873871	4288.63053438025	6.63209431491531	
68	621.485921430899	5	4276.28829599112	448.083560774052	4299.70004394104	5.98181155914573	
69	617.392846441233	4.7547	4277.77562806864	420.404022465909	4298.38386678104	5.61279445154997	
70	625.899003419757	4.41672	4292.38631753951	396.539311794931	4310.66395405617	5.2781185209057	
71	609.846706460285	3.9811	4307.95564731374	370.279195927782	4323.83956017788	4.912636530199	
72	630.967099406961	3.58299	4310.81785935649	333.758998225227	4323.71896466956	4.42721290762617	
73	625.899003419757	3.1548	4320.96316898803	297.193070914235	4331.17148461597	3.93457042163351	
74	621.485921430899	3	4326.05638236767	288.419284836831	4335.66021584831	3.81427955621649	
75	630.967099406961	2.78677	4330.85436550406	262.207897824417	4338.78468201489	3.46469503050947	
76	613.564776450898	2.5119	4351.57668019686	254.521302771497	4359.01372987028	3.3473846414346	
77	636.96021039183	2.26071	4333.36403762116	215.891900004459	4338.73866406308	2.85216646080752	
78	630.967099406961	1.99055	4346.91714609243	189.049794026458	4351.02614329239	2.49025539975507	
79	625.899003419757	1.89288	4355.27791555882	182.099965425526	4359.08317415054	2.39421825677013	
80	636.96021039183	1.75833	4344.66213852504	168.269427188038	4347.91946775227	2.217965720303	
81	617.392846441233	1.5849	4350.26460791919	156.228651542377	4353.06898067066	2.05674780802015	
82	644.648350372419	1.42641	4354.92387520436	133.210986086719	4356.96076705301	1.75205087035165	
83	636.96021039183	1.25595	4354.39190711983	117.023736446832	4355.96412240536	1.53944633440166	
84	630.967099406961	1.19433	4363.36059092534	102.958459848402	4364.57513291897	1.35170830618467	
85	644.648350372419	1.10943	4356.34552080376	101.678420353196	4357.53196176374	1.33705803988578	
86	621.485921430899	1	4361.23158234738	93.2122944484732	4362.22757850855	1.22439223478051	
87	666.49975731725	0.9	4369.19069129131	78.8955871405188	4369.90295207307	1.03449203036652	
88	644.648350372419	0.79245	4351.19427709566	62.8750619316622	4351.64852790789	0.827870407427858	
89	636.96021039183	0.75357	4354.78852435642	60.8552168206444	4355.21370879555	0.800617556129404	
90	666.49975731725	0.7	4359.18011475491	55.3490518997226	4359.53148749046	0.727452545254654	
91	625.899003419757	0.63096	4364.53383588902	47.8809097960786	4364.7964656033	0.628535395963132	
92	666.49975731725	0.5	4361.27757710383	31.7483546547179	4361.39313322841	0.417082968253051	
93	644.648350372419	0.47547	4354.94130585145	34.4020760761767	4355.07718418967	0.452601453868403	
94	630.967099406961	0.39811	4357.3138076589	23.0971975751216	4357.37502390496	0.303709946861932	
95	666.49975731725	0.3	4356.31963692037	7.46248095452413	4356.32602862091	0.0981489607744737	
96	636.96021039183	0.25119	4330.35788122688	-6.67378519638272	4330.36302391758	-0.0883020371242966	
97	644.648350372419	0.15849	4336.62464472249	0.300210446301242	4336.62465511379	0.00396640081180541	
98	666.49975731725	0.1	4331.62889294807	-33.478056079358	4331.75826269904	-0.44281566491273	
10/14/2021
Index	Time (s)	Frequency (Hz)	Z' (Ω)	-Z'' (Ω)	Z (Ω)	-Phase (°)	OCP value (V)
1	745.494332117808	10000	104.538453699529	44.592296971147	113.651930256602	23.1013298396033	0.000447082519531246
2	747.712371112208	6309.6	114.460230819291	55.1136945378956	127.038040620996	25.711259439113	
3	750.090417106204	3981.1	123.494149231939	69.83055320924	141.870049890838	29.4862651395727	
4	752.368457100452	2511.9	127.683793357352	93.7771541721341	158.42129191099	36.2953606744628	
5	764.341680070223	2260.71	131.303247909686	105.224172722435	168.26369019118	38.7080879977565	
6	764.341680070223	1758.33	125.880384160833	127.916258620844	179.467100985204	45.4595983265275	
7	754.726503094499	1584.9	131.32851444551	136.907634713137	189.712622535271	46.1915394760208	
8	766.979730063562	1426.41	135.001798654689	153.598995328065	204.494833689734	48.686995021581	
9	764.341680070223	1255.95	138.789240850542	168.73066482269	218.477666198119	50.5610284407705	
10	766.979730063562	1109.43	128.280646592336	192.422040030778	231.262114882127	56.3100795419501	
11	757.014542088722	1000	134.27612173652	211.261559173036	250.322838056824	57.5602936944188	
12	769.712780056662	900	135.19110952352	229.425557252932	266.294428058529	59.4908922012878	
13	766.979730063562	792.45	138.596022193132	272.616015164695	305.824049237526	63.0515435986334	
14	764.341680070223	753.57	139.006013339031	281.96630234107	314.368680692442	63.757254229008	
15	769.712780056662	700	142.957715577315	311.143464541231	342.413732157174	65.3231508872892	
16	759.492588082466	630.96	146.381570803648	336.92600970062	367.350922530114	66.5168819686104	
17	772.180827050431	567.864	152.779618362823	381.438851467569	410.898052071299	68.172169146677	
18	769.712780056662	500	163.92406298297	425.210470041409	455.71377229318	68.9177122460243	
19	766.979730063562	475.47	166.691173828252	448.277006305937	478.265848472221	69.6024197986885	
20	772.180827050431	441.672	171.884500117057	481.067134660795	510.852101328004	70.3382743578609	
21	761.905633076373	398.11	186.382670917328	535.234767632008	566.758111102405	70.8005532881458	
22	774.768873043897	358.299	205.87952629954	593.363914406386	628.066170294971	70.8647557665431	
23	772.180827050431	315.48	228.778802362202	669.198859783317	707.224755184358	71.1259970181976	
24	769.712780056662	300	250.206214765562	692.729012306899	736.530131358522	70.1408293811268	
25	774.768873043897	278.677	259.27461866715	745.128589773961	788.948631523959	70.8141700045905	
26	764.341680070223	251.19	290.232809969416	826.503513338357	875.981244972397	70.6508988507229	
27	777.501925036996	226.071	327.920056338405	912.184378419129	969.33580537442	70.2270576744984	
28	774.768873043897	199.055	387.827290364418	1018.21825911256	1089.57717961676	69.1487547453414	
29	772.180827050431	189.288	414.882679703368	1055.95068164293	1134.53051081935	68.5501526071023	
30	777.501925036996	175.833	464.87103877634	1134.83419010568	1226.35790930943	67.7241366578909	
31	766.979730063562	158.49	515.397445207125	1232.69642732673	1336.10441525732	67.3099155654069	
32	780.599980029175	142.641	610.223533574029	1333.37335196451	1466.37555102936	65.4086134223529	
33	777.501925036996	125.595	730.898681432735	1461.48185698449	1634.05694540152	63.4300014129239	
34	774.768873043897	119.433	773.440212094414	1513.48753298026	1699.66298841015	62.9315242347688	
35	780.599980029175	110.943	858.336012306737	1588.54937361839	1805.61065084531	61.6164528016588	
36	769.712780056662	100	995.128563017088	1695.78293784861	1966.20462547287	59.5945051591586	
37	783.91304202081	90	1146.68080495044	1794.95998453286	2129.96671676249	57.4281912345586	
38	780.599980029175	79.245	1351.99009653039	1903.163725848	2334.50409905399	54.6103622355939	
39	777.501925036996	75.357	1436.58596566021	1940.23637157704	2414.18649120617	53.4830860242853	
40	783.91304202081	70	1570.43152282735	1989.02805167072	2534.26276424187	51.7072421551073	
41	772.180827050431	63.096	1783.80315231585	2065.83834481294	2729.40318624996	49.1901583467237	
42	787.396105012016	56.7864	1980.89628550661	2070.04836649747	2865.14403365219	46.2607463142948	
43	783.91304202081	50	2247.20376853595	2090.93717194223	3069.51837172087	42.9370087120758	
44	780.599980029175	47.547	2351.77934990296	2091.26275578578	3147.10120974314	41.6443193084334	
45	787.396105012016	44.1672	2504.132413649	2071.47761830385	3249.8767158496	39.5983579825816	
46	774.768873043897	39.811	2711.61745221742	2029.97130185219	3387.27806557324	36.8192637989608	
47	790.899172003172	35.8299	2910.41037918294	1971.18114708362	3515.11645466743	34.1092480556931	
48	787.396105012016	31.548	3142.25894751738	1890.79055364886	3667.27149404306	31.0365721558876	
49	783.91304202081	30	3222.68619370521	1846.95078875855	3714.42236682825	29.8174145441018	
50	790.899172003172	27.8677	3333.8452280618	1772.99680942254	3775.98221538356	28.0048212398362	
51	777.501925036996	25.119	3480.72103829374	1679.70749369951	3864.8203335745	25.7607752905371	
52	794.522236994024	22.6071	3618.25039243704	1570.8706158998	3944.53677816144	23.4681713056942	
53	790.899172003172	19.9055	3748.46915609811	1448.19192582068	4018.4923625946	21.1236518570194	
54	787.396105012016	18.9288	3795.25625243286	1405.80197585253	4047.25205750045	20.3251482177656	
55	794.522236994024	17.5833	3865.62147478112	1324.92664968394	4086.37492324575	18.9189506977319	
56	780.599980029175	15.849	3944.57244145992	1226.30048735607	4130.79467308831	17.2695808309122	
57	798.185304984776	14.2641	4012.28922482147	1120.65582466666	4165.85337007651	15.605359007971	
58	794.522236994024	12.5595	4081.58950301986	1010.15272912001	4204.73321476054	13.9008127736238	
59	790.899172003172	11.9433	4101.55174667834	966.131892489262	4213.80321851472	13.2545615955467	
60	798.185304984776	11.0943	4139.74012709002	904.714004282847	4237.44684325181	12.3278048682421	
61	783.91304202081	10	4175.32232802211	828.016532439099	4256.63340221735	11.2169070449223	
62	802.228379974568	9	4211.9724102881	757.110199496616	4279.47747268402	10.1902062137069	
63	798.185304984776	7.9245	4238.39801051095	672.502307437986	4291.41900180029	9.01590350301583	
64	794.522236994024	7.5357	4243.2904304477	646.286665415928	4292.22554521818	8.66004492263548	
65	802.228379974568	7	4267.54109460465	609.718520303752	4310.87736640012	8.13102064187518	
66	787.396105012016	6.3096	4282.4294111647	546.992321811336	4317.22159052891	7.27894388132563	
67	806.76646396311	5.67864	4303.93830802687	505.2975325587	4333.49865071066	6.69607349981936	
68	802.228379974568	5	4316.87538082799	455.84090328328	4340.87594647727	6.02781596918807	
69	798.185304984776	4.7547	4314.86413256156	432.535471080586	4336.48929621752	5.72438500570102	
70	806.76646396311	4.41672	4335.92095017568	399.565254596396	4354.2924659298	5.26506991074091	
71	790.899172003172	3.9811	4327.08258765816	370.347821304122	4342.90239691835	4.89192892257524	
72	811.724555950593	3.58299	4360.42705134966	334.295869367419	4373.222816004	4.3840540461871	
73	806.76646396311	3.1548	4360.21398983445	302.850162696105	4370.7189635337	3.97324821815887	
74	802.228379974568	3	4364.98025761207	287.988487315011	4374.47025571887	3.77473531141728	
75	811.724555950593	2.78677	4372.05745759407	273.699005239387	4380.61611625271	3.5821487743494	
76	794.522236994024	2.5119	4368.4190850002	243.528739460768	4375.2018866719	3.19079764803259	
77	817.687667935537	2.26071	4381.79811375664	217.320870630153	4387.18395676916	2.83933079257742	
78	811.724555950593	1.99055	4396.8959482292	194.213717329955	4401.18313042681	2.5291473989348	
79	806.76646396311	1.89288	4387.90786726248	185.138566720884	4391.81189720956	2.41604217877714	
80	817.687667935537	1.75833	4393.33063807077	171.453552044472	4396.67492725127	2.23488353567813	
81	798.185304984776	1.5849	4390.3488799635	150.972804684153	4392.9438962444	1.96947842053567	
82	825.070803916896	1.42641	4402.59371508296	137.955619330044	4404.75460984976	1.79478047416701	
83	817.687667935537	1.25595	4398.20944275111	115.751529715643	4399.73234628387	1.50755521189951	
84	811.724555950593	1.19433	4400.72451952555	113.274474087797	4402.18211836281	1.47446550964011	
85	825.070803916896	1.10943	4406.32936850211	103.399455248427	4407.54239356468	1.34426295022384	
86	802.228379974568	1	4395.13003297492	85.8952293369407	4395.96928983597	1.11960457699791	
87	835.148989891451	0.9	4400.76676355952	76.9903029191425	4401.44017498747	1.00227294437619	
88	825.070803916896	0.79245	4405.18683105022	69.3414214200443	4405.73254399116	0.9018102659812	
89	817.687667935537	0.75357	4404.43052253042	62.4334349937749	4404.87300175643	0.812121508911228	
90	835.148989891451	0.7	4400.79164203366	55.417552989577	4401.14055464861	0.72146657618821	
91	806.76646396311	0.63096	4405.3119006903	40.0419902384573	4405.49387734745	0.52077444607269	
92	835.148989891451	0.5	4399.07060654897	24.3064744681938	4399.13775711834	0.316576921404779	
93	825.070803916896	0.47547	4401.76068187026	34.5435391980982	4401.89622282935	0.449628800798547	
94	811.724555950593	0.39811	4391.74387755676	33.035655040235	4391.86812649938	0.430983217734793	
95	835.148989891451	0.3	4380.67436942112	18.9785207846824	4380.71547982225	0.248222590324435	
96	817.687667935537	0.25119	4371.38812178667	7.44837204160456	4371.39446739181	0.0976257100357034	
97	825.070803916896	0.15849	4400.86811036857	-19.6613738052441	4400.91202985005	-0.255973643245109	
98	835.148989891451	0.1	4367.44175851777	-12.0992293016154	4367.45851787908	-0.158727474623881	
