10/22/2021
Index	Time (s)	Frequency (Hz)	Z' (Ω)	-Z'' (Ω)	Z (Ω)	-Phase (°)	OCP value (V)
1	36.9347869067486	10000	84.4572379889915	-5.58444715455903	84.6416629016185	-3.78298150544352	0.000360488891601568
2	39.3778279005805	6240.1	81.4002156612891	-2.82951994474172	81.4493787135424	-1.99083381496051	
3	41.8408758943619	3893.8	81.1091893003513	1.10768118328826	81.1167525642147	0.782420738083551	
4	44.2889188881812	2429.8	82.9183672579561	4.3768435649567	83.033802684915	3.02155184077442	
5	58.7801918515943	2069.01	83.728411534537	5.49515566703576	83.9085432712411	3.75497787294647	
6	58.7801918515943	1609.23	84.1728672079479	5.71998586581706	84.366994804319	3.88757060668401	
7	46.796966881849	1516.2	85.7754025704345	5.7665525238099	85.9690224099935	3.84612245799945	
8	61.2732358453	1291.05	86.1307880388077	6.45997180652404	86.3727033496527	4.28926095682328	
9	58.7801918515943	1149.45	86.8178162893026	5.72906253575147	87.0066398775499	3.77544483662047	
10	61.2732358453	1004.15	88.4620424414191	6.73168725278578	88.7178029832612	4.35164442686396	
11	49.2800118755799	946.12	88.4375996674014	5.81430569233912	88.6285235441476	3.76148201065824	
12	64.0512848382861	805.626	89.0906850251141	6.3587651738333	89.3173222436726	4.08251016341539	
13	61.2732358453	717.25	90.1179364981571	5.72464701064265	90.2995795232864	3.63477018449115	
14	58.7801918515943	689.67	90.5859213226894	5.10304740262005	90.7295444421158	3.22427999946456	
15	64.0512848382861	626.598	90.1702697149696	6.12944535241312	90.3783582546097	3.88877530182055	
16	51.7680598692982	590.38	90.6437035094089	5.04412398981779	90.7839422625294	3.1850998708365	
17	66.9293388310197	502.713	90.8433479016906	5.19293128715987	90.9916501297825	3.27167157945512	
18	64.0512848382861	447.57	90.682078595875	5.04547369416018	90.8223330644336	3.18460491949221	
19	61.2732358453	430.35	92.3878810922278	4.37197450889244	92.491268419338	2.70932671544531	
20	66.9293388310197	390.999	92.5828379467633	3.64622031301652	92.6546102730333	2.25533294147409	
21	54.2961058629155	368.4	92.3402102562129	3.94754095824036	92.4245503628695	2.4479021909086	
22	70.202401822756	313.695	92.8204189773703	4.38044586761626	92.92372401671	2.70193765276592	
23	66.9293388310197	279.285	92.4809690579356	2.87739938533742	92.5257211002302	1.78209284670365	
24	64.0512848382861	268.542	90.7846564493328	1.78036642265522	90.8021120416387	1.12347628019108	
25	70.202401822756	243.985	93.5085833993693	2.66234116709218	93.5464763090882	1.63086327202191	
26	58.7801918515943	229.89	93.5702499233251	3.04448880530181	93.6197659834671	1.86357141011025	
27	73.8954688134319	195.75	93.3063836457722	2.50637168345127	93.3400403260446	1.53869423789452	
28	70.202401822756	174.275	93.8762933269149	3.17294486209665	93.9298995416203	1.93581534747888	
29	66.9293388310197	167.571	93.5066530383152	2.18675842672465	93.5322194478711	1.33968216052174	
30	73.8954688134319	152.25	93.6214457944617	2.50818635778709	93.6550378327334	1.53462835566766	
31	61.2732358453	143.45	93.3120835004487	2.69452073448135	93.3509794762929	1.6540384739946	
32	77.2935318048526	122.148	93.6829579245114	2.22794876016822	93.7094464884075	1.36233960124877	
33	73.8954688134319	108.75	93.8003894393106	1.82748038281146	93.8181898328671	1.11613255256002	
34	70.202401822756	104.565	94.9900052398909	1.63521264869226	95.0040789433851	0.986225129253164	
35	77.2935318048526	95.004	93.392621550767	1.04786034966115	93.3984998350465	0.642828688282996	
36	64.0512848382861	89.514	94.2482374196479	1.98443631063309	94.2691266756051	1.20620852636134	
37	80.9765997955537	76.2219	93.2766061154209	1.66047901387481	93.291384591327	1.01985262509215	
38	77.2935318048526	67.86	94.708973842558	1.37501011097904	94.7189546981787	0.831776952134782	
39	73.8954688134319	65.25	93.6136053453606	1.18173073396501	93.6210638333304	0.723234482634658	
40	80.9765997955537	59.2837	93.1010369136027	-2.75313793505909	93.1417352365602	-1.6938289052729	
41	66.9293388310197	55.857	93.6978163106506	3.9254157662696	93.7800067728858	2.39897065475933	
42	85.0096717853712	47.5632	93.3824037268396	0.623922805949482	93.3844880345245	0.382808860866287	
43	80.9765997955537	42.3455	94.1005116553757	0.540031947989018	94.1020612330482	0.328810239178063	
44	77.2935318048526	40.716	94.029965656386	-0.644958523626422	94.0321775395972	-0.392989847532681	
45	85.0096717853712	36.9936	94.0787429570922	0.916062834315563	94.0832027914815	0.557882405942357	
46	70.202401822756	34.855	94.3944505850788	1.22735143699912	94.402429485733	0.744938864158738	
47	89.3827537743302	29.6793	93.7112777278674	0.251013867147523	93.7116139085813	0.153471397887633	
48	85.0096717853712	26.424	94.1171729391511	0.445983578131541	94.1182296019748	0.271499713659089	
49	80.9765997955537	25.4073	93.2601257153234	0.961144258623604	93.2650783880215	0.590472718017074	
50	89.3827537743302	23.0839	94.495679995071	0.79479326383356	94.4990223973936	0.481897434993797	
51	73.8954688134319	21.75	94.5192330857644	1.35710961067798	94.5289752912643	0.82259777081853	
52	94.270845761989	18.5202	93.6059154184233	0.75272761613313	93.6089418815591	0.460731415792432	
53	139.634685647456	18	94.1863697425663	-0.396107449053566	94.1872026678498	-0.240960038330328	
54	89.3827537743302	16.4885	94.2684169526225	0.548186959937638	94.2700108395907	0.333180997080769	
55	85.0096717853712	15.8544	93.3744713465908	0.32019410279614	93.3750203401251	0.196474459687267	
56	94.270845761989	14.4046	93.366588550711	0.531727068517067	93.3681026436393	0.326298604112005	
57	139.634685647456	14	94.764543256381	1.92775638215101	94.7841490084678	1.1653838955471	
58	77.2935318048526	13.572	93.8806711377958	0.393278865007943	93.881494883436	0.240018387749008	
59	145.42779063283	13.0347	93.9262091567484	0.116855034490617	93.9262818472888	0.0712825195108013	
60	99.7639457481202	11.5569	94.0437500834109	-0.315908242501146	94.0442806754814	-0.192465112379736	
61	94.270845761989	10.289	93.2748600864883	-0.0508118176107137	93.274873926448	-0.0312120801660844	
62	145.42779063283	10.1381	93.4424520204322	0.5231677969507	93.443916571035	0.320785605364256	
63	139.634685647456	10	95.5701392136681	-0.754191720947123	95.5731150191928	-0.452140238811286	
64	89.3827537743302	9.8931	93.768176077123	-0.606999971142975	93.7701407367789	-0.370893966155945	
65	151.965913616323	9.4392	93.1893880921635	-0.330649125220871	93.1899746852411	-0.203292673797568	
66	99.7639457481202	8.9887	93.8693838386375	0.883760361448583	93.8735439547369	0.539411688171355	
67	80.9765997955537	8.4691	93.9795111931569	-0.502092184052739	93.980852415085	-0.306103841204378	
68	151.965913616323	7.3416	92.7811716371404	0.344583490718822	92.7818115157415	0.212791976924873	
69	145.42779063283	7.2415	93.9432379398662	-0.355475111139951	93.9439104848257	-0.216802473819877	
70	119.423313698485	7.21143	94.5193079677018	0.743918420359023	94.522235443886	0.450939671789787	
71	159.564052597139	6.8355	94.1606602664931	-1.09091751670826	94.1669795780357	-0.663782230312508	
72	99.7639457481202	6.4205	93.2895311818849	0.694537410099855	93.2921165498452	0.426557263223627	
73	94.270845761989	6.1734	94.5963009953099	0.257772149693676	94.5966522054371	0.156128934662645	
74	139.634685647456	6	94.3160432485067	2.54814029170436	94.3504585733445	1.54758588902006	
75	119.423313698485	5.60889	93.3972429031153	0.870361070708689	93.4012982259718	0.533919107030538	
76	159.564052597139	5.3165	93.7841481606125	-0.770428146620936	93.7873126053882	-0.470668968573254	
77	85.0096717853712	5.2848	93.2443367909737	0.660201300573591	93.2466739854339	0.405666632130531	
78	151.965913616323	5.244	93.7671600226168	-0.471593772546393	93.76834593504	-0.288161708023434	
79	168.522221574522	4.95	92.8733958303725	1.01975102395903	92.8789941010125	0.629083080873476	
80	128.011470676802	4.5	93.3805548807807	-0.472802744491443	93.381751816282	-0.290096480490273	
81	145.42779063283	4.3449	93.1030282005166	0.115739299931136	93.1031001400691	0.0712261472267709	
82	119.423313698485	4.00635	94.079307451751	0.627985551544188	94.08140335079	0.382447408392714	
83	99.7639457481202	3.8523	93.7681500793011	-0.545562403521426	93.769737163066	-0.333354880612181	
84	168.522221574522	3.85	93.6775192515421	0.177095198833616	93.6776866485957	0.108316226330384	
85	159.564052597139	3.7975	93.4056279650711	-0.676167393016742	93.4080753355547	-0.414759388653154	
86	128.011470676802	3.5	92.7860260446067	-1.32647552534574	92.7955072536908	-0.819048680487153	
87	89.3827537743302	3.2977	93.8525821747608	-1.13921383266614	93.8594959981501	-0.695441059077673	
88	151.965913616323	3.1464	92.5377723504503	-0.00952681913354369	92.5377728408462	-0.00589863482493301	
89	168.522221574522	2.75	93.0902047987278	-0.660686701963986	93.0925493065221	-0.406637025985148	
90	128.011470676802	2.5	94.0311696536494	-1.18054078852947	94.0385800774702	-0.719298201308121	
91	119.423313698485	2.40381	92.0183737733879	0.519746606194483	92.0198416018718	0.323619827772248	
92	159.564052597139	2.2785	93.3191433283856	0.314218769571434	93.3196723364315	0.192922273606894	
93	94.270845761989	2.0578	93.9962400523797	0.529156642237129	93.9977294977736	0.322546114698055	
94	139.634685647456	2	95.2820454120469	1.22630048861578	95.2899364612641	0.737368336774974	
95	168.522221574522	1.65	92.5252205446832	-0.162385040205779	92.5253630403229	-0.10055601978091	
96	128.011470676802	1.5	94.4714457008403	-0.321636985057649	94.471993221044	-0.195068154614486	
97	145.42779063283	1.4483	93.546531274429	-0.27376914066735	93.5469318739001	-0.167678815303048	
98	99.7639457481202	1.2841	94.2298223429266	0.323993131230535	94.2303793387705	0.197000964203419	
99	151.965913616323	1.0488	93.232461323433	-0.0487269476457767	93.2324740567409	-0.0299450229547545	
100	119.423313698485	0.80127	94.5621845607726	0.895007279352417	94.5664199752519	0.542273941860698	
101	159.564052597139	0.7595	93.2612195447507	-0.056434269003127	93.2612366195136	-0.0346708423383775	
102	168.522221574522	0.55	93.9369269988857	-1.63606917176942	93.9511733632358	-0.997801236243959	
103	128.011470676802	0.5	92.5430400147837	-1.24372198678917	92.551397069727	-0.769973959385651	
10/22/2021
Index	Time (s)	Frequency (Hz)	Z' (Ω)	-Z'' (Ω)	Z (Ω)	-Phase (°)	OCP value (V)
1	245.493756380188	10000	83.5499075916402	-4.76198646114586	83.6855039635166	-3.26208449013978	0.000348135141225964
2	247.7067973746	6240.1	80.4864804593905	-2.22218868382467	80.5171513361369	-1.58150406302031	
3	250.189842368331	3893.8	80.4966886162543	1.75826084341659	80.5158888628555	1.25129257760746	
4	252.672887362062	2429.8	82.2549644851212	4.64369967470899	82.3859401179439	3.23120033303947	
5	267.039158325791	2069.01	81.8096793830879	5.12135272651258	81.9698230723539	3.58208822238117	
6	267.039158325791	1609.23	84.1084132695786	6.22958052188683	84.3387980481398	4.2359393094811	
7	255.205936355667	1516.2	85.177878503236	5.96850605572902	85.3867322881565	4.00822572453719	
8	269.562201319421	1291.05	85.7688799836707	6.4395574096448	86.010282369525	4.2937311873991	
9	267.039158325791	1149.45	86.8649061937916	6.59586842350264	87.114966614907	4.34227838093393	
10	269.562201319421	1004.15	87.3095758817189	6.74930202320308	87.5700583444253	4.4203511114721	
11	257.543979349764	946.12	88.0905317598619	5.89946184162806	88.2878555394573	3.8314025113404	
12	272.405252312243	805.626	88.6899759114072	7.04923247110226	88.9696774502281	4.54441404144258	
13	269.562201319421	717.25	89.0115037378791	5.24164172703462	89.1657030795645	3.37009837410937	
14	267.039158325791	689.67	89.6345834449228	6.1832694622942	89.8476008059657	3.9461876229555	
15	272.405252312243	626.598	88.8303581993112	6.06463980211701	89.0371405299348	3.90564556236274	
16	259.997024343571	590.38	90.245626928957	5.1504855856884	90.3924813331777	3.2664331830785	
17	275.303305304926	502.713	90.8356110541408	5.26750923858576	90.9882129133094	3.31883523452255	
18	272.405252312243	447.57	90.9466117090494	5.2386468076347	91.0973633083403	3.29667093849865	
19	269.562201319421	430.35	90.6451507655318	5.48193031922535	90.810764325221	3.46085126673176	
20	275.303305304926	390.999	91.3983668110144	4.97355981096136	91.5335881134021	3.1147516406058	
21	262.545070337137	368.4	92.0618366885986	4.15572617484142	92.1555849339499	2.58461105600781	
22	278.531366296776	313.695	91.4738078965826	4.22301637341194	91.5712367416264	2.6432630274422	
23	275.303305304926	279.285	92.4096015182889	3.51583777308904	92.4764595343897	2.17883801782332	
24	272.405252312243	268.542	92.9408740709115	6.47474190294962	93.1661330944611	3.98508176321232	
25	278.531366296776	243.985	92.788658021021	3.28816149635543	92.8469012049842	2.02954732720059	
26	267.039158325791	229.89	92.101972665673	3.44719656196972	92.1664609988104	2.14346835492409	
27	282.279437287313	195.75	92.0968001969438	2.67337115449045	92.1355931214721	1.66270580179373	
28	278.531366296776	174.275	92.4226504227715	2.21027879930772	92.4490759474669	1.36996192769336	
29	275.303305304926	167.571	93.7758325071755	2.32651710324586	93.804687751975	1.42117930295822	
30	282.279437287313	152.25	92.5998517086636	2.13849327735968	92.6245415101409	1.32294881342086	
31	269.562201319421	143.45	94.418120295259	1.94547487079981	94.4381613150262	1.18040613369753	
32	286.227510277345	122.148	92.3300084331277	2.07338320079163	92.3532856760319	1.28643055345105	
33	282.279437287313	108.75	92.5017970346626	2.14899398127111	92.5267562912126	1.33085134305139	
34	278.531366296776	104.565	93.9120926133126	1.19894917262692	93.9197456242826	0.731439303844734	
35	286.227510277345	95.004	92.7981492718474	2.46264708426715	92.8308199842149	1.52013996489887	
36	272.405252312243	89.514	93.7479144537166	1.69458639070726	93.7632288664215	1.03556517620808	
37	290.15058026744	76.2219	93.1174912684928	1.09346125617166	93.1239112025294	0.672782682529476	
38	286.227510277345	67.86	92.8277261487218	1.63246272455479	92.8420792339829	1.00749622775876	
39	282.279437287313	65.25	93.0588282645932	1.47091425166774	93.0704523826698	0.90555794334932	
40	290.15058026744	59.2837	90.7141634611005	-2.87393573193072	90.7596769443266	-1.81459348453828	
41	275.303305304926	55.857	96.1807638472475	0.634473808825549	96.1828565351127	0.377956492618073	
42	294.028652257649	47.5632	92.6310343099333	1.53638121824623	92.6437746671401	0.950222454483648	
43	290.15058026744	42.3455	93.1248405161049	0.290027791280849	93.1252921459561	0.17844126833978	
44	286.227510277345	40.716	93.3008324766678	0.448675820407077	93.3019112924867	0.275528438853333	
45	294.028652257649	36.9936	93.4899952673599	0.591935195207891	93.4918691778398	0.362765396882585	
46	278.531366296776	34.855	94.0120981101794	0.506626338981288	94.0134631918501	0.308761006382199	
47	298.181731247163	29.6793	93.1073076249625	0.896471892157228	93.1116233078493	0.551648093222	
48	294.028652257649	26.424	92.8411156809382	0.215239836720216	92.8413651831373	0.13283244220028	
49	290.15058026744	25.4073	92.3944096872205	0.547340093247524	92.3960308813513	0.339413505329681	
50	298.181731247163	23.0839	93.1287382847932	1.32166162952346	93.1381161715248	0.813073938838431	
51	282.279437287313	21.75	92.0100089392545	1.3325578373007	92.0196579834519	0.829742366647942	
52	302.964818235087	18.5202	93.0451763818029	0.662275657410972	93.047533320165	0.40781221260275	
53	335.482420152988	18	91.8745097222806	1.27982350864915	91.8834233413336	0.798085815629527	
54	298.181731247163	16.4885	93.2940795347494	0.0808970243858949	93.2941146083969	0.0496822192137195	
55	294.028652257649	15.8544	92.337337373955	0.18563362302762	92.3375239713172	0.115186436047441	
56	302.964818235087	14.4046	94.9089784484707	-0.414125876109269	94.9098819426805	-0.250002841586469	
57	335.482420152988	14	91.7302623135661	-0.75738955013336	91.7333890306376	-0.473063496016884	
58	286.227510277345	13.572	92.7113761698543	0.273232002582268	92.7117787933953	0.168857327964155	
59	341.325530138236	13.0347	91.531116802766	-0.859232842209737	91.5351496652445	-0.537838619039189	
60	308.532922221029	11.5569	92.4468715369988	-0.438696339555505	92.4479124234652	-0.271888703818369	
61	302.964818235087	10.289	91.6272029882657	0.843136048720091	91.6310820947209	0.527209956989992	
62	341.325530138236	10.1381	91.4838155307252	-0.543681422667464	91.4854310453261	-0.340500491979629	
63	335.482420152988	10	91.956312360499	-0.220345384872072	91.9565763555293	-0.137291677987084	
64	298.181731247163	9.8931	93.4392484221737	0.672259202786986	93.4416667131769	0.412213830278325	
65	347.713647122107	9.4392	91.7104946756308	0.361590162739587	91.7112074999272	0.225900895638666	
66	308.532922221029	8.9887	92.1447804974695	0.516551214720246	92.1462283443238	0.321189049716144	
67	290.15058026744	8.4691	93.8656207298334	0.387312401353778	93.866419799059	0.236414992377871	
68	347.713647122107	7.3416	92.3836352142774	0.54141344047582	92.385221674888	0.335777542280937	
69	341.325530138236	7.2415	92.2185855929289	0.50614968931383	92.2199746056588	0.314469687554075	
70	315.376049203752	7.21143	91.7768326877416	-0.405536831918509	91.7777286617824	-0.253172799730085	
71	355.16678410329	6.8355	91.1163853085441	-0.118506407224271	91.116462373512	-0.0745191232913212	
72	308.532922221029	6.4205	92.8835875852874	0.270617907438831	92.8839818093818	0.166931752828022	
73	302.964818235087	6.1734	92.6989654360473	0.666168617946677	92.7013590706254	0.411741307301696	
74	335.482420152988	6	91.5804852163874	0.230527318908824	91.5807753587712	0.144225208105263	
75	315.376049203752	5.60889	92.225659570281	-0.1613368919145	92.225800689211	-0.100231471369527	
76	355.16678410329	5.3165	91.5346209576162	-0.268740784261832	91.5350154610988	-0.168216881423963	
77	294.028652257649	5.2848	93.3190295650681	0.054360993467991	93.3190453984805	0.0333764202013478	
78	347.713647122107	5.244	91.9374732516959	-0.431733285018875	91.938486943911	-0.269055831159428	
79	364.284953080269	4.95	92.1392046569761	-0.93846187976538	92.1439837727884	-0.5835523098462	
80	323.799206182486	4.5	92.635448732346	0.541088517308457	92.6370289820796	0.334663848892612	
81	341.325530138236	4.3449	91.2459498914227	-0.526534386571967	91.2474690610554	-0.330621395344248	
82	315.376049203752	4.00635	92.2650815308762	-0.38346509580918	92.2658783916294	-0.23812697841094	
83	308.532922221029	3.8523	91.9378712910701	0.324741967924507	91.9384448143382	0.202378699357686	
84	364.284953080269	3.85	90.8467252071675	-0.915520909363176	90.8513382367155	-0.577386893994733	
85	355.16678410329	3.7975	91.4622927866407	-0.519819232533762	91.4637699519526	-0.325632854272077	
86	323.799206182486	3.5	90.6112576308133	-0.223912681871482	90.6115342896627	-0.141585337983878	
87	298.181731247163	3.2977	93.8297240580415	0.408960043313754	93.8306152869373	0.249724022237789	
88	347.713647122107	3.1464	91.5164794900951	0.0334730919180889	91.5164856116584	0.0209565186436514	
89	364.284953080269	2.75	92.4111903485739	-0.0132460404808176	92.4111912979048	-0.00821266566040189	
90	323.799206182486	2.5	90.3702550444251	0.873499327582968	90.3744764735582	0.553791358987824	
91	315.376049203752	2.40381	91.7153959826752	-0.135297701972634	91.7154957775788	-0.0845221415067834	
92	355.16678410329	2.2785	91.7394363161154	-0.373143905323166	91.7401951816797	-0.233045393393602	
93	302.964818235087	2.0578	91.3218116279226	-1.00501715286235	91.3273416808095	-0.630527533438484	
94	335.482420152988	2	92.2464875915189	-1.10453860437952	92.2531001023858	-0.686013937404197	
95	364.284953080269	1.65	90.7994732278504	-0.933656521671436	90.8042733188014	-0.589129992241584	
96	323.799206182486	1.5	92.3231684812579	-1.76595274777704	92.3400564626539	-1.09581704767458	
97	341.325530138236	1.4483	91.3749345769312	-0.930515090877303	91.3796723963968	-0.583450427355507	
98	308.532922221029	1.2841	91.1486674033956	-0.22654054085165	91.1489489244472	-0.142402412706531	
99	347.713647122107	1.0488	91.3985793589725	-0.027135692710984	91.398583387185	-0.0170107744751139	
100	315.376049203752	0.80127	92.5103154786853	-1.16831592535353	92.5176925353595	-0.723551885735887	
101	355.16678410329	0.7595	90.3790895845579	-0.319212169308463	90.3796532995263	-0.202363556708002	
102	364.284953080269	0.55	91.1325110927354	-0.528206996062811	91.1340418323374	-0.332084481499305	
103	323.799206182486	0.5	93.0387146577449	-1.64427952988334	93.053243255341	-1.01248680319889	
10/22/2021
Index	Time (s)	Frequency (Hz)	Z' (Ω)	-Z'' (Ω)	Z (Ω)	-Phase (°)	OCP value (V)
1	441.185493886114	10000	81.8516141288994	-4.87757110488354	81.9968135685128	-3.41024609594913	0.000360488891601568
2	443.383528880564	6240.1	79.1475226191641	-2.29925503989116	79.1809125388787	-1.66398853276409	
3	445.911576874181	3893.8	78.7801485444147	1.40089650354871	78.7926031788118	1.01874647321911	
4	448.454622867761	2429.8	80.8935474916992	4.07956351026222	80.9963509315455	2.88705244189408	
5	462.740891831692	2069.01	81.4912222993511	4.78973606428214	81.6318619376511	3.36375240468409	
6	462.740891831692	1609.23	82.094228706358	6.37024392206766	82.3410128339362	4.43707396131348	
7	450.907670861568	1516.2	83.4410218678465	5.3371633576937	83.6115389348692	3.65984155989059	
8	465.238932825385	1291.05	84.2312078106566	5.52801298069174	84.4124119828163	3.75488198962809	
9	462.740891831692	1149.45	85.0460817355987	5.78234498132593	85.2424280042585	3.88959558270705	
10	465.238932825385	1004.15	86.1605937295645	6.13197873191413	86.3785220700129	4.07082986769662	
11	453.320714855475	946.12	86.0459744661244	5.34044554941601	86.2115426175128	3.55150844160584	
12	467.936984818573	805.626	85.7541919739137	5.6583998706481	85.9406709899044	3.7751290791276	
13	465.238932825385	717.25	88.0449136936517	5.69090388805815	88.2286416895653	3.69824685164225	
14	462.740891831692	689.67	88.2618236638903	4.82178907581733	88.3934339550588	3.12698971340965	
15	467.936984818573	626.598	88.075207058624	5.44082957920833	88.2431001547967	3.53494411914598	
16	455.778758849269	590.38	88.2350479259688	4.81242577560273	88.3661876757377	3.12187471491175	
17	470.850036811218	502.713	88.3295902439513	4.30383589559407	88.4343797178481	2.78951555164263	
18	467.936984818573	447.57	88.5737941889317	3.50890568351762	88.6432706758897	2.26862147802399	
19	465.238932825385	430.35	88.6456845253615	4.76108260813382	88.7734492546696	3.07435258506696	
20	470.850036811218	390.999	88.4875408351313	3.67922061828171	88.5639969028443	2.38092795027646	
21	458.321805842849	368.4	89.3627689838347	3.7332100756284	89.4407140955783	2.39219174804466	
22	474.078096803068	313.695	89.8210768591601	3.58030707677432	89.8924048343526	2.28262621087359	
23	470.850036811218	279.285	89.7476109405435	3.04149893212974	89.7991335442014	1.94098073549607	
24	467.936984818573	268.542	91.1771887281842	0.334289576956059	91.1778015412534	0.210066753986165	
25	474.078096803068	243.985	90.5168852320984	3.51904712645806	90.5852648326377	2.22638083052999	
26	462.740891831692	229.89	90.7044985176646	2.75048911069245	90.7461913343422	1.73688343920716	
27	477.756167793782	195.75	89.7047908437211	2.66910782548037	89.7444908442841	1.70429589836319	
28	474.078096803068	174.275	90.8744972994872	1.11436311569954	90.8813295709748	0.702563482718467	
29	470.850036811218	167.571	89.8083947486098	2.77075075992815	89.8511259088931	1.76711748623509	
30	477.756167793782	152.25	90.6782578611673	2.64086088031405	90.7167051591134	1.66817745456866	
31	465.238932825385	143.45	90.7917333637529	2.27559106935326	90.8202464316725	1.43575265961981	
32	481.724240783763	122.148	90.6132539063377	2.67916030308064	90.6528525939699	1.69356979558761	
33	477.756167793782	108.75	90.1246853861858	1.88241878676268	90.14434212111	1.19655309964698	
34	474.078096803068	104.565	90.6980997311289	0.945318903473888	90.7030259840711	0.597154984166501	
35	481.724240783763	95.004	90.8688994599737	1.76786732485366	90.88609488775	1.11455690869432	
36	467.936984818573	89.514	91.9112015923304	1.03008773787462	91.9169737257146	0.642111168064829	
37	485.617312773934	76.2219	90.7556907636319	0.825167948567486	90.7594419778313	0.5209297367511	
38	481.724240783763	67.86	90.4130210685024	1.41058500707797	90.424024068804	0.893831552899885	
39	477.756167793782	65.25	91.0181987941028	1.21117452044669	91.0262569561211	0.762387012503486	
40	485.617312773934	59.2837	94.7538989271541	-1.3482696886362	94.7634908234739	-0.815216584377973	
41	470.850036811218	55.857	92.962234551907	0.0693903454296891	92.9622604496245	0.0427676164719024	
42	489.61538676384	47.5632	92.1897808490936	0.597440154119767	92.1917166980942	0.371302760859758	
43	485.617312773934	42.3455	90.6902149761494	0.227779599603538	90.690501023901	0.143905075949101	
44	481.724240783763	40.716	90.5327608479591	0.627642682592349	90.5349364725616	0.397212018010131	
45	489.61538676384	36.9936	92.3042219277995	0.312527886817328	92.3047510119414	0.193993948431888	
46	474.078096803068	34.855	91.3931329605151	1.06511701320631	91.3993393115629	0.667708228025681	
47	494.013468752736	29.6793	90.8966309581196	0.353767220476699	90.8973193817225	0.222992492764192	
48	489.61538676384	26.424	91.2617065749727	1.03541128334688	91.2675800243553	0.650022376074142	
49	485.617312773934	25.4073	90.3753485899812	0.118420857750725	90.3754261747084	0.0750759092842413	
50	494.013468752736	23.0839	92.316548181655	1.0387849781443	92.3223924213766	0.644689218071963	
51	477.756167793782	21.75	90.7105663903491	-0.71637663543137	90.713395098749	-0.452477656146081	
52	498.77655674071	18.5202	90.8596050313122	1.10879838443227	90.8663703484594	0.699170047460434	
53	530.989152659381	18	91.581786938218	0.490217658745862	91.5830989438013	0.306689087166809	
54	494.013468752736	16.4885	91.5042339896789	0.4364036973918	91.5052746360832	0.273254027277754	
55	489.61538676384	15.8544	91.4210357448864	0.25348763199238	91.4213871730645	0.158866437395956	
56	498.77655674071	14.4046	91.4304613745081	-0.146022902198049	91.4305779804732	-0.091506580727562	
57	530.989152659381	14	92.7601586251719	-0.674593112084294	92.7626115632474	-0.416673035087243	
58	481.724240783763	13.572	91.2130826375682	-0.121089715418936	91.2131630137176	-0.0760628339659837	
59	536.502254645462	13.0347	92.0209199707515	0.148778591691283	92.021040242614	0.0926352177408534	
60	504.289657726791	11.5569	92.0105982786465	0.0995490711097892	92.010652131218	0.0619900262599876	
61	498.77655674071	10.289	91.012111645881	0.142742289114904	91.0122235834474	0.0898619301372959	
62	536.502254645462	10.1381	91.1137419040741	0.0775264620032659	91.1137748867565	0.0487515703841175	
63	530.989152659381	10	91.6516175424513	-0.19625810368306	91.6518276707618	-0.122690075207541	
64	494.013468752736	9.8931	91.0090561964914	-0.5647793028931	91.010808618741	-0.355558626494844	
65	542.880372629359	9.4392	90.668852783588	0.418496371974131	90.6698185964068	0.264455817439324	
66	504.289657726791	8.9887	91.5308140889558	0.815569267936624	91.5344475103105	0.510510485679346	
67	485.617312773934	8.4691	91.8615578927805	0.209515726891963	91.8617968217936	0.130678668559646	
68	542.880372629359	7.3416	90.9873243480946	-0.529854116981323	90.9888671069744	-0.333651546693708	
69	536.502254645462	7.2415	91.749590221697	0.0753064308650381	91.749621126781	0.0470273456198756	
70	511.007782709829	7.21143	90.9899253152808	0.38669370077879	90.9907470070369	0.243497107573308	
71	550.608516609847	6.8355	90.602894146724	-0.595606704557929	90.6048518298495	-0.37664645454206	
72	504.289657726791	6.4205	91.507167110473	-0.078125243562071	91.507200460607	-0.0489168857838698	
73	498.77655674071	6.1734	90.997223149072	0.589443324874125	90.999132217155	0.371133769390174	
74	530.989152659381	6	92.5529990284094	0.311856583136064	92.5535244260379	0.193056935956133	
75	511.007782709829	5.60889	91.4381985908821	0.213857756986128	91.4384486782547	0.134004439483617	
76	550.608516609847	5.3165	91.0010874481457	-0.9681064249878	91.0062368565757	-0.609512714745423	
77	489.61538676384	5.2848	92.0793824479626	0.399191391561478	92.0802477503469	0.248392615769143	
78	542.880372629359	5.244	90.8842247223204	-0.958065179223024	90.8892743521747	-0.60396684059754	
79	559.526679587331	4.95	91.4162011220962	-0.117415312770132	91.4162765264	-0.0735908743743676	
80	519.4559386885	4.5	91.5087189253164	0.127814899714357	91.5088081880709	0.0800278884480684	
81	536.502254645462	4.3449	91.5254770569042	0.305881428945128	91.5259881888334	0.191483838430037	
82	511.007782709829	4.00635	91.7278276750284	0.312781860974268	91.7283609494483	0.195371585030857	
83	504.289657726791	3.8523	91.5859476566292	-0.106047614536844	91.5860090530173	-0.0663429071858824	
84	559.526679587331	3.85	90.8395003045422	-0.205593499136432	90.8397329601195	-0.129675082351476	
85	550.608516609847	3.7975	91.4559968838951	0.319713119615179	91.4565557109269	0.200294550527674	
86	519.4559386885	3.5	92.4191165041251	-0.709939568468403	92.421843249277	-0.440122589934708	
87	494.013468752736	3.2977	91.8298772986067	-0.713671349533259	91.8326504652474	-0.445274830775649	
88	542.880372629359	3.1464	91.145893965301	0.22480421883722	91.1461711958912	0.141315272447379	
89	559.526679587331	2.75	91.5014578838656	-0.760481745381954	91.5046180657451	-0.476182480590493	
90	519.4559386885	2.5	91.1469102054749	-0.651883001064172	91.1492413103476	-0.409772616519295	
91	511.007782709829	2.40381	90.8551731450881	-0.795964697201881	90.8586597249989	-0.501944462829382	
92	550.608516609847	2.2785	91.2594173889478	-1.63346863517872	91.2740350918721	-1.02543790506719	
93	498.77655674071	2.0578	91.286586812103	0.471719405210662	91.2878055985621	0.296070774603826	
94	530.989152659381	2	90.9598440372082	-0.321934154321803	90.9604137461619	-0.202786092034802	
95	559.526679587331	1.65	92.0713611997184	-0.534449300247111	92.0729123533276	-0.332582737394757	
96	519.4559386885	1.5	92.0783852820285	-0.459163935666169	92.0795301229622	-0.285712412031223	
97	536.502254645462	1.4483	90.8727448582969	-0.276263488857587	90.8731647935539	-0.17418515535614	
98	504.289657726791	1.2841	90.9237278443532	-0.0562791968678866	90.9237452619612	-0.0354644504747076	
99	542.880372629359	1.0488	90.0582107431737	0.0180163297669182	90.0582125452756	0.0114621380512819	
100	511.007782709829	0.80127	90.5125520439625	-1.13690100519198	90.5196918985401	-0.719637248715675	
101	550.608516609847	0.7595	89.4140704121474	-0.459282942680064	89.4152499772264	-0.294302033946722	
102	559.526679587331	0.55	90.8759417034163	-0.675105981506448	90.8784493076823	-0.425635335271233	
103	519.4559386885	0.5	90.0395448806988	0.768719519428196	90.0428263218282	0.489155226882038	
10/22/2021
Index	Time (s)	Frequency (Hz)	Z' (Ω)	-Z'' (Ω)	Z (Ω)	-Phase (°)	OCP value (V)
1	635.668206395092	10000	81.5001612019073	-4.46933062771332	81.6226144655799	-3.13885946815209	0.000366592407226562
2	637.981244389252	6240.1	78.8025343646115	-1.81863934792525	78.8235172481132	-1.32206237159156	
3	640.499293382895	3893.8	78.6473110965764	1.66763364069229	78.6649893197809	1.21471480920629	
4	642.972339376651	2429.8	80.4551050646029	4.33812311159429	80.5719755441533	3.08638817830617	
5	657.513611339938	2069.01	81.0984269418557	5.4075640981139	81.2785125474053	3.8147798235773	
6	657.513611339938	1609.23	83.0937788970471	5.57388441050536	83.2805156012679	3.83761988581837	
7	645.540384370167	1516.2	83.416935303319	5.57292570039985	83.602886291445	3.82214157704132	
8	660.091655333429	1291.05	83.7044261321438	6.60392291742092	83.9645327028665	4.51104886617992	
9	657.513611339938	1149.45	84.9350161562425	6.30607385817468	85.1687943848329	4.24618393421767	
10	660.091655333429	1004.15	84.6993018601058	6.18950387478434	84.9251534811995	4.17952917036627	
11	647.9434303641	946.12	85.8588602518305	5.42426903695124	86.0300330020196	3.61494700654471	
12	662.874707326402	805.626	86.8690871901151	6.08307563093306	87.0818127876049	4.00564284877201	
13	660.091655333429	717.25	87.146313346585	5.71891919559078	87.333761894624	3.75461400880339	
14	657.513611339938	689.67	87.4556249284592	5.90901211028426	87.6550212808531	3.86536221296379	
15	662.874707326402	626.598	88.0077145737884	5.56394116036719	88.1834183151086	3.61748556340955	
16	650.421477357844	590.38	88.0221925079295	4.49932505780845	88.1371107983397	2.92617302912999	
17	665.792760319035	502.713	87.7742643122284	4.56250214728597	87.8927636463715	2.97555396482709	
18	662.874707326402	447.57	89.9913211518381	4.22128335189436	90.0902720374971	2.68564300517363	
19	660.091655333429	430.35	89.6305533674804	4.01546264473056	89.7204549543301	2.56514456795782	
20	665.792760319035	390.999	88.7314051326077	4.69647040538773	88.8556081014341	3.02978491032324	
21	653.024523351272	368.4	89.5296913624921	3.8508524111163	89.612469555053	2.46288885682839	
22	668.980819310986	313.695	89.2800415163423	4.15575253602128	89.3767088916372	2.66504511597775	
23	665.792760319035	279.285	90.1249310298212	3.7893294830644	90.2045575958401	2.40760000478158	
24	662.874707326402	268.542	92.1555697050655	4.92098860167161	92.2868634014775	3.05661772162321	
25	668.980819310986	243.985	89.4427938706198	2.8477346414812	89.488116350555	1.82360221416856	
26	657.513611339938	229.89	90.6871223761347	2.72835097112433	90.7281547474965	1.72324199020807	
27	672.743891301485	195.75	90.3766872982819	2.93905978047447	90.4244639431423	1.86260861189188	
28	668.980819310986	174.275	90.3904473117407	3.02349964073913	90.4410001895939	1.91579098560936	
29	665.792760319035	167.571	90.50711163445	2.22371134613948	90.534425212522	1.40744351172342	
30	672.743891301485	152.25	90.7103517619478	1.87534889397467	90.7297352043443	1.18436617246536	
31	660.091655333429	143.45	91.9576859303895	1.92025499794554	91.9777330712673	1.19627324316455	
32	676.351957292375	122.148	90.8495516653573	1.00802767905697	90.855143814746	0.63570332074546	
33	672.743891301485	108.75	90.2013916884683	1.61516490679938	90.2158512691237	1.02584053174836	
34	668.980819310986	104.565	91.2813256715939	2.42577428445017	91.313552100675	1.52226014730109	
35	676.351957292375	95.004	90.3621761056931	0.842735061462872	90.366105775009	0.534335985585268	
36	662.874707326402	89.514	91.0519776393164	1.64197479569973	91.0667816125083	1.03312450891122	
37	680.195026282673	76.2219	90.296810506585	1.52154530362043	90.3096289870194	0.965370471711285	
38	676.351957292375	67.86	89.7898142094354	1.94036275513409	89.8107774344842	1.2379722181935	
39	672.743891301485	65.25	90.8454811453822	1.19644539667225	90.8533594652571	0.754548357777426	
40	680.195026282673	59.2837	87.5615134202191	-2.62116734753765	87.6007371584452	-1.71464590626738	
41	665.792760319035	55.857	91.3027273418578	3.14046905910224	91.3567215150194	1.96998181455117	
42	684.13310127273	47.5632	89.893030394593	0.894799522368414	89.8974837228965	0.570306093211878	
43	680.195026282673	42.3455	91.4779213274125	0.654063235087283	91.4802595596436	0.40965539861749	
44	676.351957292375	40.716	91.9191819994681	1.65643621542967	91.9341057518216	1.03239096276444	
45	684.13310127273	36.9936	91.1430099436498	1.98796982328038	91.1646877118905	1.24951132448092	
46	668.980819310986	34.855	91.7368856295035	0.866254299191872	91.7409754772178	0.541017278617247	
47	688.526182261638	29.6793	91.659849013177	0.474381676527991	91.6610765761206	0.296529238962541	
48	684.13310127273	26.424	91.4150382476006	0.548966568471605	91.4166865627035	0.344069093891482	
49	680.195026282673	25.4073	91.6712519049333	0.490585426136505	91.6725645974742	0.30661963802987	
50	688.526182261638	23.0839	90.8922116548801	0.4287934566966	90.8932230881051	0.270296790519194	
51	672.743891301485	21.75	90.7913992002946	0.408704584417244	90.7923191034604	0.257919690488046	
52	693.284271249625	18.5202	91.1426488596492	0.192276027036246	91.1428516737538	0.120871936964038	
53	725.601867168031	18	90.1362913694718	-0.578100982821975	90.1381452138253	-0.367468993804724	
54	688.526182261638	16.4885	90.2519338231511	0.273828389635507	90.2523492259643	0.173837415229549	
55	684.13310127273	15.8544	91.4702669071825	0.76462931933487	91.4734627423013	0.478942654895577	
56	693.284271249625	14.4046	90.6522643352045	-0.29254138436036	90.6527363600314	-0.184896964193009	
57	725.601867168031	14	91.8469981763562	0.729015924537561	91.8498913348612	0.454763458456989	
58	676.351957292375	13.572	91.8588920504126	0.97925658705973	91.8641115571944	0.610775320203713	
59	731.304973153632	13.0347	105.648159663036	8.98462870485222	106.029510954028	4.86090478994443	
60	698.94237623534	11.5569	90.8903774542269	-0.556770264217971	90.8920827514639	-0.350974307528248	
61	693.284271249625	10.289	90.8836546006272	0.436601689249036	90.8847033036977	0.275244671871559	
62	731.304973153632	10.1381	92.7050797472661	-12.4319731368173	93.5349440958913	-7.63793325773042	
63	725.601867168031	10	92.0907209343408	1.60018239753292	92.1046223916694	0.995480013593555	
64	688.526182261638	9.8931	90.938908337891	-0.0941231440366785	90.938957047316	-0.0593019762460303	
65	737.943096136873	9.4392	90.9232296370892	0.988955406344556	90.9286078219314	0.623171182848902	
66	698.94237623534	8.9887	91.8970794041254	0.627402944371283	91.8992210927967	0.391165665945987	
67	680.195026282673	8.4691	90.7347644645148	0.0607720816688366	90.7347848163916	0.0383754043086332	
68	737.943096136873	7.3416	90.6139093463156	0.367485879376221	90.614654515116	0.232362499730755	
69	731.304973153632	7.2415	87.5219781924225	1.0983854568844	87.5288701933641	0.719014225172068	
70	705.50549521877	7.21143	91.6600882379763	-0.0867605463808846	91.6601292994179	-0.0542331100355743	
71	745.361232118144	6.8355	90.9031123215362	0.340607771602906	90.9037504363593	0.214682379467822	
72	698.94237623534	6.4205	91.1220344267419	-0.61967417951603	91.1241414453771	-0.389633177899342	
73	693.284271249625	6.1734	91.3956438917838	0.772498962645525	91.3989085112128	0.484266802988342	
74	725.601867168031	6	91.4509389950195	0.633486596353248	91.4531330701061	0.396885239427801	
75	705.50549521877	5.60889	90.7285584511715	-0.804321155393312	90.7321235899869	-0.50792166389387	
76	745.361232118144	5.3165	91.3193052456275	0.354984590462151	91.3199952069838	0.222724169041804	
77	684.13310127273	5.2848	90.3816828503795	0.527209356747615	90.3832204813063	0.334210732903389	
78	737.943096136873	5.244	90.9139946141386	0.298436500404257	90.9144844402936	0.188079850421071	
79	754.359402095426	4.95	90.8790598085558	0.0654303902134728	90.8790833625814	0.0412513572572868	
80	714.16365719691	4.5	87.5727725126454	-0.207487905230498	87.5730183149031	-0.135751771734859	
81	731.304973153632	4.3449	88.455147972337	-1.28380525678622	88.4644638187865	-0.831511341963203	
82	705.50549521877	4.00635	90.9914528740001	-0.186566557636631	90.9916441394582	-0.117477642499635	
83	698.94237623534	3.8523	90.1009334241864	0.285155098313874	90.1013846582824	0.181331407683698	
84	754.359402095426	3.85	91.2981081991092	-0.289273441919431	91.2985664720999	-0.181538174354881	
85	745.361232118144	3.7975	92.2340677854169	-0.124828637662746	92.2341522562747	-0.0775434707087531	
86	714.16365719691	3.5	90.3785574218169	-1.22943716183421	90.3869191718777	-0.779357604761209	
87	688.526182261638	3.2977	90.5839447088533	-0.470430560212039	90.5851662466243	-0.297552104037594	
88	737.943096136873	3.1464	91.5877524261152	0.281790707678128	91.5881859219316	0.176283038757694	
89	754.359402095426	2.75	90.7665760167731	-0.129783524257047	90.7666688028806	-0.0819249050578548	
90	714.16365719691	2.5	91.0384747359151	-0.703987861251493	91.0411966153271	-0.443051461932491	
91	705.50549521877	2.40381	90.9591284147966	-0.930682472958123	90.9638896037595	-0.586222822873728	
92	745.361232118144	2.2785	92.3199390784717	-0.460141821572857	92.3210857927304	-0.285571744349544	
93	693.284271249625	2.0578	90.9761308366967	0.504151635075056	90.9775277246359	0.31750597633397	
94	725.601867168031	2	91.2150820087197	-0.910546698334867	91.2196266224945	-0.571931186312134	
95	754.359402095426	1.65	90.9571360897512	-0.830282008252902	90.9609255332351	-0.522997267500899	
96	714.16365719691	1.5	92.0524256658636	-0.80757103435456	92.0559679865725	-0.502639931370321	
97	731.304973153632	1.4483	88.8030435539336	0.688694839593732	88.8057140336358	0.444337435295826	
98	698.94237623534	1.2841	90.8652010921371	-0.0383399534247668	90.865209180778	-0.0241755629349772	
99	737.943096136873	1.0488	91.1546905668629	-1.06409526442345	91.1609012190659	-0.668812521921179	
100	705.50549521877	0.80127	90.488065560575	-0.987179542657317	90.4934502179266	-0.62504350498138	
101	745.361232118144	0.7595	90.3295702460159	-0.194092508111274	90.329778770523	-0.123112114947554	
102	754.359402095426	0.55	90.177404066402	0.34520923684911	90.1780648138579	0.219333611441749	
103	714.16365719691	0.5	91.1244323148865	-1.36697723776549	91.134684898116	-0.859441865524913	
